[38.303, 39.817, 51.663, 65.516, 69.758, 0, 0, 0, 0, 0, 0, 0, 0, 0, 0, 3.0, 3.0, 3.0, 3.0, 3.0, 117.0, 120.0, 123.0, 123.0, 123.0, 9.906, 7.057, 5.973, 5.973, 5.973, 0, 0, 0, 0, 0, 0, 0, 0, 0, 0, 116.319, 162.472, -99, -99, -99, -99, -99, -99, -99, -99, -99, -99, -99, -99, -99, 3, 3, 0, 3, 0]
[36.117, 41.004, 54.618, 66.561, 72.733, 0, 0, 0, 0, 0, 0, 0, 0, 0, 0, 3.0, 6.0, 6.0, 6.0, 6.0, 120.0, 123.0, 126.0, 126.0, 126.0, 9.906, 7.057, 5.973, 5.973, 5.973, 0, 0, 0, 0, 0, 0, 0, 0, 0, 0, 118.869, 163.891, -99, -99, -99, -99, -99, -99, -99, -99, -99, -99, -99, -99, -99, 3, 3, 0, 3, 0]
[38.826, 40.594, 48.713, 64.593, 66.785, 0, 0, 0, 0, 0, 0, 0, 0, 0, 0, 3.0, 6.0, 6.0, 6.0, 6.0, 114.0, 117.0, 120.0, 120.0, 120.0, 9.906, 7.057, 5.973, 5.973, 5.973, 0, 0, 0, 0, 0, 0, 0, 0, 0, 0, 113.79, 161.096, -99, -99, -99, -99, -99, -99, -99, -99, -99, -99, -99, -99, -99, 3, 3, 0, 3, 0]
[35.38, 44.834, 44.957, 45.892, 63.004, 0, 0, 0, 0, 0, 0, 0, 0, 0, 0, 3.0, 4.381, 4.381, 4.381, 4.381, 107.148, 110.541, 121.482, 121.482, 121.482, 9.906, 7.057, 5.973, 5.973, 5.973, 0, 0, 0, 0, 0, 0, 0, 0, 0, 0, 109.435, 161.919, 45.892, -99, -99, -99, -99, -99, -99, -99, -99, -99, -99, -99, -99, 3, 3, 0, 3, 0]
[36.177, 42.655, 47.804, 48.798, 65.988, 0, 0, 0, 0, 0, 0, 0, 0, 0, 0, 3.0, 7.018, 7.018, 7.018, 7.018, 110.144, 113.54, 124.481, 124.481, 124.481, 9.906, 7.057, 5.973, 5.973, 5.973, 0, 0, 0, 0, 0, 0, 0, 0, 0, 0, 111.969, 163.223, 48.798, -99, -99, -99, -99, -99, -99, -99, -99, -99, -99, -99, -99, 3, 3, 0, 3, 0]
[37.356, 41.859, 46.255, 59.859, 62.946, 0, 0, 0, 0, 0, 0, 0, 0, 0, 0, 4.381, 7.018, 7.018, 7.018, 7.018, 103.543, 107.0, 118.054, 118.054, 118.054, 9.906, 7.057, 5.973, 5.973, 5.973, 0, 0, 0, 0, 0, 0, 0, 0, 0, 0, 107.982, 158.061, -99, -99, -99, -99, -99, -99, -99, -99, -99, -99, -99, -99, -99, 3, 3, 0, 3, 0]
[34.844, 37.996, 39.068, 50.403, 56.099, 0, 0, 0, 0, 0, 0, 0, 0, 0, 0, 4.247, 4.602, 4.602, 4.602, 4.602, 93.152, 103.544, 119.663, 119.663, 119.663, 9.906, 7.057, 5.973, 5.973, 5.973, 0, 0, 0, 0, 0, 0, 0, 0, 0, 0, 103.837, 158.72, 39.068, -99, -99, -99, -99, -99, -99, -99, -99, -99, -99, -99, -99, 3, 3, 0, 3, 0]
[32.159, 41.052, 43.328, 49.321, 59.303, 0, 0, 0, 0, 0, 0, 0, 0, 0, 0, 4.602, 8.835, 8.835, 8.835, 8.835, 96.84, 107.148, 123.007, 123.007, 123.007, 9.906, 7.057, 5.973, 5.973, 5.973, 0, 0, 0, 0, 0, 0, 0, 0, 0, 0, 105.081, 162.854, 43.328, -99, -99, -99, -99, -99, -99, -99, -99, -99, -99, -99, -99, 3, 3, 0, 3, 0]
[35.031, 35.095, 37.292, 52.182, 52.932, 0, 0, 0, 0, 0, 0, 0, 0, 0, 0, 4.247, 8.835, 8.835, 8.835, 8.835, 89.543, 100.001, 116.333, 116.333, 116.333, 9.906, 7.057, 5.973, 5.973, 5.973, 0, 0, 0, 0, 0, 0, 0, 0, 0, 0, 102.399, 155.17, 35.031, -99, -99, -99, -99, -99, -99, -99, -99, -99, -99, -99, -99, 3, 3, 0, 3, 0]
[31.231, 32.32, 35.7, 49.222, 49.92, 0, 0, 0, 0, 0, 0, 0, 0, 0, 0, 4.184, 4.461, 4.461, 4.461, 4.461, 79.153, 96.547, 118.091, 118.091, 118.091, 9.906, 7.057, 5.973, 5.973, 5.973, 0, 0, 0, 0, 0, 0, 0, 0, 0, 0, 98.419, 155.77, 32.32, -99, -99, -99, -99, -99, -99, -99, -99, -99, -99, -99, -99, 3, 3, 0, 3, 0]
[32.544, 34.192, 36.589, 52.396, 53.991, 0, 0, 0, 0, 0, 0, 0, 0, 0, 0, 4.461, 8.636, 8.636, 8.636, 8.636, 82.848, 100.153, 121.326, 121.326, 121.326, 9.906, 7.057, 5.973, 5.973, 5.973, 0, 0, 0, 0, 0, 0, 0, 0, 0, 0, 99.628, 159.6, 36.589, -99, -99, -99, -99, -99, -99, -99, -99, -99, -99, -99, -99, 3, 3, 0, 3, 0]
[28.252, 28.489, 38.638, 46.007, 46.152, 0, 0, 0, 0, 0, 0, 0, 0, 0, 0, 4.184, 8.636, 8.636, 8.636, 8.636, 75.544, 93.006, 114.867, 114.867, 114.867, 9.906, 7.057, 5.973, 5.973, 5.973, 0, 0, 0, 0, 0, 0, 0, 0, 0, 0, 97.081, 152.431, 28.252, -99, -99, -99, -99, -99, -99, -99, -99, -99, -99, -99, -99, 3, 3, 0, 3, 0]
[24.598, 25.707, 37.852, 42.386, 43.038, 0, 0, 0, 0, 0, 0, 0, 0, 0, 0, 4.065, 4.33, 4.33, 4.33, 4.33, 65.157, 89.551, 115.164, 115.164, 115.164, 9.906, 7.057, 5.973, 5.973, 5.973, 0, 0, 0, 0, 0, 0, 0, 0, 0, 0, 93.212, 153.083, 25.707, -99, -99, -99, -99, -99, -99, -99, -99, -99, -99, -99, -99, 3, 3, 0, 3, 0]
[27.403, 29.971, 34.38, 45.517, 47.108, 0, 0, 0, 0, 0, 0, 0, 0, 0, 0, 4.33, 8.384, 8.384, 8.384, 8.384, 68.865, 93.16, 118.332, 118.332, 118.332, 9.906, 7.057, 5.973, 5.973, 5.973, 0, 0, 0, 0, 0, 0, 0, 0, 0, 0, 94.379, 156.591, 29.971, -99, -99, -99, -99, -99, -99, -99, -99, -99, -99, -99, -99, 3, 3, 0, 3, 0]
[21.661, 22.07, 39.132, 39.36, 41.037, 0, 0, 0, 0, 0, 0, 0, 0, 0, 0, 4.065, 8.384, 8.384, 8.384, 8.384, 61.544, 86.008, 111.993, 111.993, 111.993, 9.906, 7.057, 5.973, 5.973, 5.973, 0, 0, 0, 0, 0, 0, 0, 0, 0, 0, 91.903, 150.086, 21.661, -99, -99, -99, -99, -99, -99, -99, -99, -99, -99, -99, -99, 3, 3, 0, 3, 0]
[18.24, 19.367, 35.612, 36.202, 41.099, 0, 0, 0, 0, 0, 116.727, 116.727, 116.727, 116.727, 116.727, 4.011, 4.208, 4.208, 4.208, 4.208, 51.159, 82.556, 108.312, 108.312, 108.312, 9.906, 7.057, 5.973, 5.973, 5.973, 0, 0, 0, 0, 0, 7.057, 7.057, 7.057, 7.057, 7.057, 88.254, 150.674, 19.367, -99, -99, -99, -99, -99, -99, -99, 116.727, -99, -99, -99, -99, 3, 3, 0, 3, 1]
[20.755, 23.575, 37.455, 38.682, 40.266, 0, 0, 0, 0, 0, 119.766, 119.766, 119.766, 119.766, 119.766, 4.208, 8.213, 8.213, 8.213, 8.213, 54.877, 86.167, 111.494, 111.494, 111.494, 9.906, 7.057, 5.973, 5.973, 5.973, 0, 0, 0, 0, 0, 7.057, 7.057, 7.057, 7.057, 7.057, 89.371, 153.843, 23.575, -99, -99, -99, -99, -99, -99, -99, 119.766, -99, -99, -99, -99, 3, 3, 0, 3, 1]
[15.369, 16.219, 32.283, 32.696, 44.522, 0, 0, 0, 0, 0, 113.689, 113.689, 113.689, 113.689, 113.689, 4.011, 8.213, 8.213, 8.213, 8.213, 47.545, 79.014, 105.148, 105.148, 105.148, 9.906, 7.057, 5.973, 5.973, 5.973, 0, 0, 0, 0, 0, 7.057, 7.057, 7.057, 7.057, 7.057, 87.071, 147.917, 15.369, -99, -99, -99, -99, -99, -99, -99, 113.689, -99, -99, -99, -99, 3, 3, 0, 3, 1]
[12.585, 13.687, 28.947, 29.442, 45.205, 0, 0, 0, 0, 0, 109.981, 109.981, 109.981, 109.981, 109.981, 3.909, 4.049, 4.049, 4.049, 4.049, 50.522, 81.005, 101.479, 101.479, 101.479, 9.906, 7.057, 5.973, 5.973, 5.973, 0, 0, 0, 0, 0, 7.057, 7.057, 7.057, 7.057, 7.057, 83.588, 148.556, 13.687, -99, -99, -99, -99, -99, -99, -99, 109.981, -99, -99, -99, -99, 3, 3, 0, 3, 1]
[14.507, 17.569, 31.954, 33.456, 41.589, 0, 0, 0, 0, 0, 113.076, 113.076, 113.076, 113.076, 113.076, 4.049, 7.956, 7.956, 7.956, 7.956, 54.133, 84.52, 104.707, 104.707, 104.707, 9.906, 7.057, 5.973, 5.973, 5.973, 0, 0, 0, 0, 0, 7.057, 7.057, 7.057, 7.057, 7.057, 84.738, 151.253, 17.569, -99, -99, -99, -99, -99, -99, -99, 113.076, -99, -99, -99, -99, 3, 3, 0, 3, 1]
[10.158, 11.597, 25.552, 26.157, 48.676, 0, 0, 0, 0, 0, 106.921, 106.921, 106.921, 106.921, 106.921, 3.909, 7.956, 7.956, 7.956, 7.956, 47.006, 77.559, 98.298, 98.298, 98.298, 9.906, 7.057, 5.973, 5.973, 5.973, 0, 0, 0, 0, 0, 7.057, 7.057, 7.057, 7.057, 7.057, 82.454, 146.17, 10.158, -99, -99, -99, -99, -99, -99, -99, 106.921, -99, -99, -99, -99, 3, 3, 0, 3, 1]
[8.702, 10.231, 22.337, 22.976, 49.697, 0, 0, 0, 0, 0, 103.171, 103.171, 103.171, 103.171, 103.171, 3.809, 3.945, 3.945, 3.945, 3.945, 50.043, 67.014, 94.593, 94.593, 94.593, 9.906, 7.057, 5.973, 5.973, 5.973, 0, 0, 0, 0, 0, 7.057, 7.057, 7.057, 7.057, 7.057, 78.976, 147.1, 10.231, -99, -99, -99, -99, -99, -99, -99, 103.171, -99, -99, -99, -99, 3, 3, 0, 3, 1]
[8.998, 13.048, 25.208, 26.92, 46.069, 0, 0, 0, 0, 0, 106.286, 106.286, 106.286, 106.286, 106.286, 3.945, 7.751, 7.751, 7.751, 7.751, 53.562, 70.539, 97.835, 97.835, 97.835, 9.906, 7.057, 5.973, 5.973, 5.973, 0, 0, 0, 0, 0, 7.057, 7.057, 7.057, 7.057, 7.057, 80.064, 149.418, 13.048, -99, -99, -99, -99, -99, -99, -99, 106.286, -99, -99, -99, -99, 3, 3, 0, 3, 1]
[8.619, 9.831, 19.179, 19.753, 53.165, 0, 0, 0, 0, 0, 100.091, 100.091, 100.091, 100.091, 100.091, 3.809, 7.751, 7.751, 7.751, 7.751, 46.612, 63.564, 91.397, 91.397, 91.397, 9.906, 7.057, 5.973, 5.973, 5.973, 0, 0, 0, 0, 0, 7.057, 7.057, 7.057, 7.057, 7.057, 77.9, 145.103, 8.619, -99, -99, -99, -99, -99, -99, -99, 100.091, -99, -99, -99, -99, 3, 3, 0, 3, 1]
[9.22, 11.286, 15.882, 17.164, 54.468, 0, 0, 0, 0, 0, 96.304, 96.304, 96.304, 96.304, 96.304, 3.71, 10.652, 10.652, 10.652, 10.652, 49.65, 53.021, 87.662, 87.662, 87.662, 9.906, 7.057, 5.973, 5.973, 5.973, 0, 0, 0, 0, 0, 7.057, 7.057, 7.057, 7.057, 7.057, 74.443, 146.33, 11.286, -99, -99, -99, -99, -99, -99, -99, 96.304, -99, -99, -99, -99, 3, 3, 0, 3, 1]
[8.998, 13.048, 25.208, 26.92, 46.069, 0, 0, 0, 0, 0, 106.286, 106.286, 106.286, 106.286, 106.286, 10.652, 14.309, 14.309, 14.309, 14.309, 60.077, 63.555, 97.835, 97.835, 97.835, 9.906, 7.057, 5.973, 5.973, 5.973, 0, 0, 0, 0, 0, 7.057, 7.057, 7.057, 7.057, 7.057, 80.064, 149.418, 13.048, -99, -99, -99, -99, -99, -99, -99, 106.286, -99, -99, -99, -99, 3, 3, 0, 3, 1]
[12.231, 12.232, 13.703, 13.704, 57.899, 0, 0, 0, 0, 0, 93.208, 93.208, 93.208, 93.208, 93.208, 3.71, 14.309, 14.309, 14.309, 14.309, 46.293, 49.566, 84.453, 84.453, 84.453, 9.906, 7.057, 5.973, 5.973, 5.973, 0, 0, 0, 0, 0, 7.057, 7.057, 7.057, 7.057, 7.057, 73.434, 144.734, 12.231, -99, -99, -99, -99, -99, -99, -99, 93.208, -99, -99, -99, -99, 3, 3, 0, 3, 1]
[8.895, 9.967, 18.206, 18.753, 54.153, 0, 0, 0, 0, 0, 91.086, 91.086, 91.086, 91.086, 91.086, 8.747, 15.254, 15.254, 15.254, 15.254, 38.449, 42.163, 82.739, 82.739, 82.739, 9.906, 7.057, 5.973, 5.973, 5.973, 0, 0, 0, 0, 0, 7.057, 7.057, 7.057, 7.057, 7.057, 67.443, 151.528, 18.206, -99, -99, -99, -99, -99, -99, -99, 91.086, -99, -99, -99, -99, 3, 3, 0, 3, 1]
[8.998, 13.048, 25.208, 26.92, 46.069, 0, 0, 0, 0, 0, 106.286, 106.286, 106.286, 106.286, 106.286, 15.254, 21.082, 21.082, 21.082, 21.082, 53.098, 56.567, 97.835, 97.835, 97.835, 9.906, 7.057, 5.973, 5.973, 5.973, 0, 0, 0, 0, 0, 7.057, 7.057, 7.057, 7.057, 7.057, 80.064, 149.418, 13.048, -99, -99, -99, -99, -99, -99, -99, 106.286, -99, -99, -99, -99, 3, 3, 0, 3, 1]
[8.808, 10.641, 17.124, 18.135, 54.936, 0, 0, 0, 0, 0, 86.278, 86.278, 86.278, 86.278, 86.278, 8.747, 21.082, 21.082, 21.082, 21.082, 32.293, 35.587, 77.477, 77.477, 77.477, 9.906, 7.057, 5.973, 5.973, 5.973, 0, 0, 0, 0, 0, 7.057, 7.057, 7.057, 7.057, 7.057, 69.087, 145.069, 18.135, -99, -99, -99, -99, -99, -99, -99, 86.278, -99, -99, -99, -99, 3, 3, 0, 3, 1]
[6.666, 13.086, 22.511, 25.17, 54.738, 0, 0, 0, 0, 0, 86.12, 86.12, 86.12, 86.12, 86.12, 14.198, 21.211, 21.211, 21.211, 21.211, 28.177, 32.569, 78.135, 78.135, 78.135, 9.906, 7.057, 5.973, 5.973, 5.973, 0, 0, 0, 0, 0, 7.057, 7.057, 7.057, 7.057, 7.057, 60.444, 156.866, 25.17, -99, -99, -99, -99, -99, -99, -99, 86.12, -99, -99, -99, -99, 3, 3, 0, 3, 1]
[8.998, 13.048, 25.208, 26.92, 46.069, 0, 0, 0, 0, 0, 106.286, 106.286, 106.286, 106.286, 106.286, 21.211, 27.967, 27.967, 27.967, 27.967, 46.227, 49.575, 97.835, 97.835, 97.835, 9.906, 7.057, 5.973, 5.973, 5.973, 0, 0, 0, 0, 0, 7.057, 7.057, 7.057, 7.057, 7.057, 80.064, 149.418, 13.048, -99, -99, -99, -99, -99, -99, -99, 106.286, -99, -99, -99, -99, 3, 3, 0, 3, 1]
[8.086, 11.692, 23.127, 24.621, 50.91, 0, 0, 0, 0, 0, 79.362, 79.362, 79.362, 79.362, 79.362, 14.198, 27.967, 27.967, 27.967, 27.967, 18.619, 21.62, 70.506, 70.506, 70.506, 9.906, 7.057, 5.973, 5.973, 5.973, 0, 0, 0, 0, 0, 7.057, 7.057, 7.057, 7.057, 7.057, 65.202, 145.74, 24.621, -99, -99, -99, -99, -99, -99, -99, 79.362, -99, -99, -99, -99, 3, 3, 0, 3, 1]
[8.822, 19.308, 27.085, 32.071, 53.481, 0, 0, 0, 0, 0, 80.919, 80.919, 80.919, 80.919, 80.919, 18.361, 27.882, 27.882, 27.882, 27.882, 24.884, 30.997, 73.331, 73.331, 73.331, 9.906, 7.057, 5.973, 5.973, 5.973, 0, 0, 0, 0, 0, 7.057, 7.057, 7.057, 7.057, 7.057, 53.481, 161.852, 32.071, -99, -99, -99, -99, -99, -99, -99, 80.919, -99, -99, -99, -99, 3, 3, 0, 3, 1]
[8.998, 13.048, 25.208, 26.92, 46.069, 0, 0, 0, 0, 0, 106.286, 106.286, 106.286, 106.286, 106.286, 27.882, 34.776, 34.776, 34.776, 34.776, 42.579, 53.066, 97.835, 97.835, 97.835, 9.906, 7.057, 5.973, 5.973, 5.973, 0, 0, 0, 0, 0, 7.057, 7.057, 7.057, 7.057, 7.057, 80.064, 149.418, 13.048, -99, -99, -99, -99, -99, -99, -99, 106.286, -99, -99, -99, -99, 3, 3, 0, 3, 1]
[11.823, 16.526, 29.291, 31.485, 48.26, 0, 0, 0, 0, 0, 72.374, 72.374, 72.374, 72.374, 72.374, 18.361, 34.776, 34.776, 34.776, 34.776, 7.937, 18.604, 63.507, 63.507, 63.507, 9.906, 7.057, 5.973, 5.973, 5.973, 0, 0, 0, 0, 0, 7.057, 7.057, 7.057, 7.057, 7.057, 61.226, 147.457, 31.485, -99, -99, -99, -99, -99, -99, -99, 72.374, -99, -99, -99, -99, 3, 3, 0, 3, 1]
[6.749, 23.516, 23.621, 32.641, 53.854, 0, 0, 0, 0, 0, 75.636, 75.636, 75.636, 75.636, 75.636, 24.85, 24.85, 24.85, 24.85, 24.85, 18.478, 67.669, 67.669, 67.669, 67.669, 9.906, 7.057, 5.973, 5.973, 5.973, 0, 0, 0, 0, 0, 7.057, 7.057, 7.057, 7.057, 7.057, 53.854, 157.768, 32.641, -99, -99, -99, -99, -99, -99, -99, 75.636, -99, -99, -99, -99, 2, 2, 0, 3, 1]
[6.792, 11.637, 18.555, 20.822, 50.956, 0, 0, 0, 0, 0, 99.463, 99.463, 99.463, 99.463, 99.463, 24.85, 24.85, 24.85, 24.85, 24.85, 39.188, 90.936, 90.936, 90.936, 90.936, 9.906, 7.057, 5.973, 5.973, 5.973, 0, 0, 0, 0, 0, 7.057, 7.057, 7.057, 7.057, 7.057, 75.554, 148.132, 11.637, -99, -99, -99, -99, -99, -99, -99, 99.463, -99, -99, -99, -99, 2, 2, 0, 3, 1]
[11.344, 23.258, 29.531, 35.838, 53.794, 0, 0, 0, 0, 0, 69.779, 69.779, 69.779, 69.779, 69.779, 29.78, 29.78, 29.78, 29.78, 29.78, 5.175, 61.497, 61.497, 61.497, 61.497, 9.906, 7.057, 5.973, 5.973, 5.973, 0, 0, 0, 0, 0, 7.057, 7.057, 7.057, 7.057, 7.057, 53.794, 155.091, 35.838, -99, -99, -99, -99, -99, -99, -99, 69.779, -99, -99, -99, -99, 2, 2, 0, 3, 1]
[6.792, 11.637, 18.555, 20.822, 50.956, 0, 0, 0, 0, 0, 99.463, 99.463, 99.463, 99.463, 99.463, 29.78, 29.78, 29.78, 29.78, 29.78, 32.412, 90.936, 90.936, 90.936, 90.936, 9.906, 7.057, 5.973, 5.973, 5.973, 0, 0, 0, 0, 0, 7.057, 7.057, 7.057, 7.057, 7.057, 75.554, 148.132, 11.637, -99, -99, -99, -99, -99, -99, -99, 99.463, -99, -99, -99, -99, 2, 2, 0, 3, 1]
[11.923, 22.98, 30.183, 36.013, 53.561, 0, 0, 0, 0, 0, 69.25, 69.25, 69.25, 69.25, 69.25, 30.244, 30.244, 30.244, 30.244, 30.244, 3.268, 60.896, 60.896, 60.896, 60.896, 9.906, 7.057, 5.973, 5.973, 5.973, 0, 0, 0, 0, 0, 7.057, 7.057, 7.057, 7.057, 7.057, 54.244, 154.394, 36.013, -99, -99, -99, -99, -99, -99, -99, 69.25, -99, -99, -99, -99, 2, 2, 0, 3, 1]
[6.792, 11.637, 18.555, 20.822, 50.956, 0, 0, 0, 0, 0, 99.463, 99.463, 99.463, 99.463, 99.463, 30.244, 30.244, 30.244, 30.244, 30.244, 27.613, 90.936, 90.936, 90.936, 90.936, 9.906, 7.057, 5.973, 5.973, 5.973, 0, 0, 0, 0, 0, 7.057, 7.057, 7.057, 7.057, 7.057, 75.554, 148.132, 11.637, -99, -99, -99, -99, -99, -99, -99, 99.463, -99, -99, -99, -99, 2, 2, 0, 3, 1]
[22.98, 30.183, 36.013, 53.561, 54.244, 0, 0, 0, 0, 0, 11.923, 69.25, 69.25, 69.25, 69.25, 30.244, 30.244, 30.244, 30.244, 30.244, 3.268, 60.896, 60.896, 60.896, 60.896, 9.906, 7.057, 5.973, 5.973, 5.973, 0, 0, 0, 0, 0, 7.057, 5.973, 5.973, 5.973, 5.973, 54.244, 154.394, 36.013, -99, -99, -99, -99, -99, -99, -99, 69.25, 11.923, -99, -99, -99, 2, 2, 0, 3, 2]
[6.792, 11.637, 20.822, 50.956, 66.635, 0, 0, 0, 0, 0, 18.555, 99.463, 99.463, 99.463, 99.463, 30.244, 30.244, 30.244, 30.244, 30.244, 27.613, 90.936, 90.936, 90.936, 90.936, 9.906, 7.057, 5.973, 5.973, 5.973, 0, 0, 0, 0, 0, 7.057, 5.973, 5.973, 5.973, 5.973, 75.554, 148.132, 11.637, -99, -99, -99, -99, -99, -99, -99, 99.463, 18.555, -99, -99, -99, 2, 2, 0, 3, 2]
[11.923, 22.98, 30.183, 36.013, 53.561, 0, 0, 0, 0, 0, 69.25, 69.25, 69.25, 69.25, 69.25, 30.244, 30.244, 30.244, 30.244, 30.244, 60.896, 60.896, 60.896, 60.896, 60.896, 9.906, 7.057, 5.973, 5.973, 5.973, 0, 0, 0, 0, 0, 7.057, 7.057, 7.057, 7.057, 7.057, 54.244, 154.394, 36.013, -99, -99, -99, -99, -99, -99, -99, 69.25, -99, -99, -99, -99, 2, 1, 0, 3, 1]
[6.792, 11.637, 18.555, 20.822, 50.956, 0, 0, 0, 0, 0, 99.463, 99.463, 99.463, 99.463, 99.463, 30.244, 30.244, 30.244, 30.244, 30.244, 90.936, 90.936, 90.936, 90.936, 90.936, 9.906, 7.057, 5.973, 5.973, 5.973, 0, 0, 0, 0, 0, 7.057, 7.057, 7.057, 7.057, 7.057, 75.554, 148.132, 11.637, -99, -99, -99, -99, -99, -99, -99, 99.463, -99, -99, -99, -99, 2, 1, 0, 3, 1]
[18.923, 27.843, 37.166, 42.409, 51.56, 0, 0, 0, 0, 0, 62.285, 62.285, 62.285, 62.285, 62.285, 37.181, 37.181, 37.181, 37.181, 37.181, 53.896, 53.896, 53.896, 53.896, 53.896, 9.906, 7.057, 5.973, 5.973, 5.973, 0, 0, 0, 0, 0, 7.057, 7.057, 7.057, 7.057, 7.057, 51.582, 155.639, 42.409, -99, -99, -99, -99, -99, -99, -99, 62.285, -99, -99, -99, -99, 2, 1, 0, 3, 1]
[6.792, 11.637, 18.555, 20.822, 50.956, 0, 0, 0, 0, 0, 99.463, 99.463, 99.463, 99.463, 99.463, 37.181, 37.181, 37.181, 37.181, 37.181, 90.936, 90.936, 90.936, 90.936, 90.936, 9.906, 7.057, 5.973, 5.973, 5.973, 0, 0, 0, 0, 0, 7.057, 7.057, 7.057, 7.057, 7.057, 75.554, 148.132, 11.637, -99, -99, -99, -99, -99, -99, -99, 99.463, -99, -99, -99, -99, 2, 1, 0, 3, 1]
[25.923, 33.472, 44.155, 48.97, 49.769, 0, 0, 0, 0, 0, 55.329, 55.329, 55.329, 55.329, 55.329, 44.138, 44.138, 44.138, 44.138, 44.138, 46.896, 46.896, 46.896, 46.896, 46.896, 9.906, 7.057, 5.973, 5.973, 5.973, 0, 0, 0, 0, 0, 7.057, 7.057, 7.057, 7.057, 7.057, 49.769, 157.186, 48.97, -99, -99, -99, -99, -99, -99, -99, 55.329, -99, -99, -99, -99, 2, 1, 0, 3, 1]
[6.792, 11.637, 18.555, 20.822, 50.956, 0, 0, 0, 0, 0, 99.463, 99.463, 99.463, 99.463, 99.463, 44.138, 44.138, 44.138, 44.138, 44.138, 90.936, 90.936, 90.936, 90.936, 90.936, 9.906, 7.057, 5.973, 5.973, 5.973, 0, 0, 0, 0, 0, 7.057, 7.057, 7.057, 7.057, 7.057, 75.554, 148.132, 11.637, -99, -99, -99, -99, -99, -99, -99, 99.463, -99, -99, -99, -99, 2, 1, 0, 3, 1]
[32.922, 39.597, 48.779, 50.439, 51.14, 0, 0, 0, 0, 0, 48.37, 48.37, 48.37, 48.37, 48.37, 51.116, 51.116, 51.116, 51.116, 51.116, 39.896, 39.896, 39.896, 39.896, 39.896, 9.906, 7.057, 5.973, 5.973, 5.973, 0, 0, 0, 0, 0, 7.057, 7.057, 7.057, 7.057, 7.057, 48.779, 159.144, 55.672, -99, -99, -99, -99, -99, -99, -99, 48.37, -99, -99, -99, -99, 2, 1, 0, 3, 1]
[6.792, 11.637, 18.555, 20.822, 50.956, 0, 0, 0, 0, 0, 99.463, 99.463, 99.463, 99.463, 99.463, 51.116, 51.116, 51.116, 51.116, 51.116, 90.936, 90.936, 90.936, 90.936, 90.936, 9.906, 7.057, 5.973, 5.973, 5.973, 0, 0, 0, 0, 0, 7.057, 7.057, 7.057, 7.057, 7.057, 75.554, 148.132, 11.637, -99, -99, -99, -99, -99, -99, -99, 99.463, -99, -99, -99, -99, 2, 1, 0, 3, 1]
[39.922, 45.924, 48.905, 51.262, 58.135, 0, 0, 0, 0, 0, 41.443, 41.443, 41.443, 41.443, 41.443, 58.091, 58.091, 58.091, 58.091, 58.091, 32.897, 32.897, 32.897, 32.897, 32.897, 9.906, 7.057, 5.973, 5.973, 5.973, 0, 0, 0, 0, 0, 7.057, 7.057, 7.057, 7.057, 7.057, 48.905, 161.266, 62.41, -99, -99, -99, -99, -99, -99, -99, 41.443, -99, -99, -99, -99, 2, 1, 0, 3, 1]
[6.792, 11.637, 18.555, 20.822, 50.956, 0, 0, 0, 0, 0, 99.463, 99.463, 99.463, 99.463, 99.463, 58.091, 58.091, 58.091, 58.091, 58.091, 90.936, 90.936, 90.936, 90.936, 90.936, 9.906, 7.057, 5.973, 5.973, 5.973, 0, 0, 0, 0, 0, 7.057, 7.057, 7.057, 7.057, 7.057, 75.554, 148.132, 11.637, -99, -99, -99, -99, -99, -99, -99, 99.463, -99, -99, -99, -99, 2, 1, 0, 3, 1]
[46.921, 49.901, 52.465, 53.12, 65.125, 0, 0, 0, 0, 0, 34.524, 34.524, 34.524, 34.524, 34.524, 65.079, 65.079, 65.079, 65.079, 65.079, 25.387, 25.897, 25.897, 25.897, 25.897, 9.906, 7.057, 5.973, 5.973, 5.973, 0, 0, 0, 0, 0, 7.057, 7.057, 7.057, 7.057, 7.057, 49.901, 163.774, 69.226, -99, -99, -99, -99, -99, -99, -99, 34.524, -99, -99, -99, -99, 2, 2, 0, 3, 1]
[6.792, 11.637, 18.555, 20.822, 50.956, 0, 0, 0, 0, 0, 99.463, 99.463, 99.463, 99.463, 99.463, 65.079, 65.079, 65.079, 65.079, 65.079, 90.44, 90.936, 90.936, 90.936, 90.936, 9.906, 7.057, 5.973, 5.973, 5.973, 0, 0, 0, 0, 0, 7.057, 7.057, 7.057, 7.057, 7.057, 75.554, 148.132, 11.637, -99, -99, -99, -99, -99, -99, -99, 99.463, -99, -99, -99, -99, 2, 2, 0, 3, 1]
[51.13, 53.878, 56.443, 59.295, 72.051, 0, 0, 0, 0, 0, 27.541, 27.541, 27.541, 27.541, 27.541, 72.071, 72.071, 72.071, 72.071, 72.071, 15.876, 18.96, 18.96, 18.96, 18.96, 9.906, 7.057, 5.973, 5.973, 5.973, 0, 0, 0, 0, 0, 7.057, 7.057, 7.057, 7.057, 7.057, 51.13, 167.189, 76.186, -99, -99, -99, -99, -99, -99, -99, 27.541, -99, -99, -99, -99, 2, 2, 0, 3, 1]
[6.792, 11.637, 18.555, 20.822, 50.956, 0, 0, 0, 0, 0, 99.463, 99.463, 99.463, 99.463, 99.463, 72.071, 72.071, 72.071, 72.071, 72.071, 86.724, 90.936, 90.936, 90.936, 90.936, 9.906, 7.057, 5.973, 5.973, 5.973, 0, 0, 0, 0, 0, 7.057, 7.057, 7.057, 7.057, 7.057, 75.554, 148.132, 11.637, -99, -99, -99, -99, -99, -99, -99, 99.463, -99, -99, -99, -99, 2, 2, 0, 3, 1]
[50.633, 60.154, 62.211, 66.197, 78.194, 0, 0, 0, 0, 0, 20.973, 20.973, 20.973, 20.973, 20.973, 78.492, 78.492, 78.492, 78.492, 78.492, 10.38, 13.454, 13.454, 13.454, 13.454, 9.906, 7.057, 5.973, 5.973, 5.973, 0, 0, 0, 0, 0, 7.057, 7.057, 7.057, 7.057, 7.057, 50.633, 172.778, 82.933, -99, -99, -99, -99, -99, -99, -99, 20.973, -99, -99, -99, -99, 2, 2, 0, 3, 1]
[6.792, 11.637, 18.555, 20.822, 50.956, 0, 0, 0, 0, 0, 99.463, 99.463, 99.463, 99.463, 99.463, 78.492, 78.492, 78.492, 78.492, 78.492, 83.431, 90.936, 90.936, 90.936, 90.936, 9.906, 7.057, 5.973, 5.973, 5.973, 0, 0, 0, 0, 0, 7.057, 7.057, 7.057, 7.057, 7.057, 75.554, 148.132, 11.637, -99, -99, -99, -99, -99, -99, -99, 99.463, -99, -99, -99, -99, 2, 2, 0, 3, 1]
[46.82, 62.761, 68.138, 70.125, 80.502, 0, 0, 0, 0, 0, 19.257, 19.257, 19.257, 19.257, 19.257, 81.262, 81.262, 81.262, 81.262, 81.262, 10.081, 14.595, 14.595, 14.595, 14.595, 9.906, 7.057, 5.973, 5.973, 5.973, 0, 0, 0, 0, 0, 7.057, 7.057, 7.057, 7.057, 7.057, 46.82, 178.749, 86.366, -99, -99, -99, -99, -99, -99, -99, 19.257, -99, -99, -99, -99, 2, 2, 0, 3, 1]
[6.792, 11.637, 18.555, 20.822, 50.956, 0, 0, 0, 0, 0, 99.463, 99.463, 99.463, 99.463, 99.463, 81.262, 81.262, 81.262, 81.262, 81.262, 80.612, 90.936, 90.936, 90.936, 90.936, 9.906, 7.057, 5.973, 5.973, 5.973, 0, 0, 0, 0, 0, 7.057, 7.057, 7.057, 7.057, 7.057, 75.554, 148.132, 11.637, -99, -99, -99, -99, -99, -99, -99, 99.463, -99, -99, -99, -99, 2, 2, 0, 3, 1]
[41.097, 62.133, 70.98, 72.468, 79.43, 0, 0, 0, 0, 0, 22.761, 22.761, 22.761, 22.761, 22.761, 80.687, 80.687, 80.687, 80.687, 80.687, 10.894, 20.011, 20.011, 20.011, 20.011, 9.906, 7.057, 5.973, 5.973, 5.973, 0, 0, 0, 0, 0, 7.057, 7.057, 7.057, 7.057, 7.057, 41.097, 183.219, 86.527, -99, -99, -99, -99, -99, -99, -99, 22.761, -99, -99, -99, -99, 2, 2, 0, 3, 1]
[6.792, 11.637, 18.555, 20.822, 50.956, 0, 0, 0, 0, 0, 99.463, 99.463, 99.463, 99.463, 99.463, 80.687, 80.687, 80.687, 80.687, 80.687, 78.32, 90.936, 90.936, 90.936, 90.936, 9.906, 7.057, 5.973, 5.973, 5.973, 0, 0, 0, 0, 0, 7.057, 7.057, 7.057, 7.057, 7.057, 75.554, 148.132, 11.637, -99, -99, -99, -99, -99, -99, -99, 99.463, -99, -99, -99, -99, 2, 2, 0, 3, 1]
[34.138, 60.546, 71.032, 76.683, 77.18, 0, 0, 0, 0, 0, 28.784, 28.784, 28.784, 28.784, 28.784, 78.998, 78.998, 78.998, 78.998, 78.998, 10.869, 26.954, 26.954, 26.954, 26.954, 9.906, 7.057, 5.973, 5.973, 5.973, 0, 0, 0, 0, 0, 7.057, 7.057, 7.057, 7.057, 7.057, 34.138, 187.397, 85.653, -99, -99, -99, -99, -99, -99, -99, 28.784, -99, -99, -99, -99, 2, 2, 0, 3, 1]
[6.792, 11.637, 18.555, 20.822, 50.956, 0, 0, 0, 0, 0, 99.463, 99.463, 99.463, 99.463, 99.463, 78.998, 78.998, 78.998, 78.998, 78.998, 76.6, 90.936, 90.936, 90.936, 90.936, 9.906, 7.057, 5.973, 5.973, 5.973, 0, 0, 0, 0, 0, 7.057, 7.057, 7.057, 7.057, 7.057, 75.554, 148.132, 11.637, -99, -99, -99, -99, -99, -99, -99, 99.463, -99, -99, -99, -99, 2, 2, 0, 3, 1]
[27.142, 59.135, 71.163, 74.92, 80.821, 0, 0, 0, 0, 0, 35.377, 35.377, 35.377, 35.377, 35.377, 77.301, 77.301, 77.301, 77.301, 77.301, 10.866, 33.953, 33.953, 33.953, 33.953, 9.906, 7.057, 5.973, 5.973, 5.973, 0, 0, 0, 0, 0, 7.057, 7.057, 7.057, 7.057, 7.057, 27.142, 191.251, 84.736, -99, -99, -99, -99, -99, -99, -99, 35.377, -99, -99, -99, -99, 2, 2, 0, 3, 1]
[6.792, 11.637, 18.555, 20.822, 50.956, 0, 0, 0, 0, 0, 99.463, 99.463, 99.463, 99.463, 99.463, 77.301, 77.301, 77.301, 77.301, 77.301, 75.493, 90.936, 90.936, 90.936, 90.936, 9.906, 7.057, 5.973, 5.973, 5.973, 0, 0, 0, 0, 0, 7.057, 7.057, 7.057, 7.057, 7.057, 75.554, 148.132, 11.637, -99, -99, -99, -99, -99, -99, -99, 99.463, -99, -99, -99, -99, 2, 2, 0, 3, 1]
[20.143, 58.289, 71.735, 73.023, 78.779, 0, 0, 0, 0, 0, 42.16, 42.16, 42.16, 42.16, 42.16, 75.969, 75.969, 75.969, 75.969, 75.969, 6.866, 40.952, 40.952, 40.952, 40.952, 9.906, 7.057, 5.973, 5.973, 5.973, 0, 0, 0, 0, 0, 7.057, 7.057, 7.057, 7.057, 7.057, 20.143, 195.08, 84.147, -99, -99, -99, -99, -99, -99, -99, 42.16, -99, -99, -99, -99, 2, 2, 0, 3, 1]
[6.792, 11.637, 18.555, 20.822, 50.956, 0, 0, 0, 0, 0, 99.463, 99.463, 99.463, 99.463, 99.463, 75.969, 75.969, 75.969, 75.969, 75.969, 75.266, 90.936, 90.936, 90.936, 90.936, 9.906, 7.057, 5.973, 5.973, 5.973, 0, 0, 0, 0, 0, 7.057, 7.057, 7.057, 7.057, 7.057, 75.554, 148.132, 11.637, -99, -99, -99, -99, -99, -99, -99, 99.463, -99, -99, -99, -99, 2, 2, 0, 3, 1]
[58.181, 72.188, 72.402, 75.789, 84.072, 0, 0, 0, 0, 0, 17.143, 45.087, 45.087, 45.087, 45.087, 75.59, 75.59, 75.59, 75.59, 75.59, 3.866, 43.952, 43.952, 43.952, 43.952, 9.906, 7.057, 5.973, 5.973, 5.973, 0, 0, 0, 0, 0, 9.906, 7.057, 7.057, 7.057, 7.057, 87.109, 196.774, 84.072, -99, -99, -99, -99, -99, -99, -99, 17.143, 45.087, -99, -99, -99, 2, 2, 0, 3, 2]
[6.792, 11.637, 18.555, 20.822, 50.956, 0, 0, 0, 0, 0, 75.554, 99.463, 99.463, 99.463, 99.463, 75.59, 75.59, 75.59, 75.59, 75.59, 75.266, 90.936, 90.936, 90.936, 90.936, 9.906, 7.057, 5.973, 5.973, 5.973, 0, 0, 0, 0, 0, 9.906, 7.057, 7.057, 7.057, 7.057, 66.635, 148.132, 11.637, -99, -99, -99, -99, -99, -99, -99, 75.554, 99.463, -99, -99, -99, 2, 2, 0, 3, 2]
[58.181, 72.188, 72.402, 75.789, 84.072, 0, 0, 0, 0, 0, 17.143, 45.087, 45.087, 45.087, 45.087, 75.59, 75.59, 75.59, 75.59, 75.59, 3.866, 43.952, 43.952, 43.952, 43.952, 9.906, 7.057, 5.973, 5.973, 5.973, 0, 0, 0, 0, 0, 9.906, 7.057, 7.057, 7.057, 7.057, 87.109, 196.774, 84.072, -99, -99, -99, -99, -99, -99, -99, 17.143, 45.087, -99, -99, -99, 2, 2, 0, 3, 2]
[6.792, 11.637, 18.555, 20.822, 50.956, 0, 0, 0, 0, 0, 75.554, 99.463, 99.463, 99.463, 99.463, 75.59, 75.59, 75.59, 75.59, 75.59, 75.266, 90.936, 90.936, 90.936, 90.936, 9.906, 7.057, 5.973, 5.973, 5.973, 0, 0, 0, 0, 0, 9.906, 7.057, 7.057, 7.057, 7.057, 66.635, 148.132, 11.637, -99, -99, -99, -99, -99, -99, -99, 75.554, 99.463, -99, -99, -99, 2, 2, 0, 3, 2]
[58.181, 72.188, 72.402, 75.789, 84.072, 0, 0, 0, 0, 0, 17.143, 45.087, 45.087, 45.087, 45.087, 75.59, 75.59, 75.59, 75.59, 75.59, 3.866, 43.952, 43.952, 43.952, 43.952, 9.906, 7.057, 5.973, 5.973, 5.973, 0, 0, 0, 0, 0, 9.906, 7.057, 7.057, 7.057, 7.057, 87.109, 196.774, 84.072, -99, -99, -99, -99, -99, -99, -99, 17.143, 45.087, -99, -99, -99, 2, 2, 0, 3, 2]
[6.792, 11.637, 18.555, 20.822, 50.956, 0, 0, 0, 0, 0, 75.554, 99.463, 99.463, 99.463, 99.463, 75.59, 75.59, 75.59, 75.59, 75.59, 75.266, 90.936, 90.936, 90.936, 90.936, 9.906, 7.057, 5.973, 5.973, 5.973, 0, 0, 0, 0, 0, 9.906, 7.057, 7.057, 7.057, 7.057, 66.635, 148.132, 11.637, -99, -99, -99, -99, -99, -99, -99, 75.554, 99.463, -99, -99, -99, 2, 2, 0, 3, 2]
[17.143, 58.181, 72.188, 72.402, 75.789, 0, 0, 0, 0, 0, 45.087, 45.087, 45.087, 45.087, 45.087, 75.59, 75.59, 75.59, 75.59, 75.59, 43.952, 43.952, 43.952, 43.952, 43.952, 9.906, 7.057, 5.973, 5.973, 5.973, 0, 0, 0, 0, 0, 7.057, 7.057, 7.057, 7.057, 7.057, 17.143, 196.774, 84.072, -99, -99, -99, -99, -99, -99, -99, 45.087, -99, -99, -99, -99, 2, 1, 0, 3, 1]
[6.792, 11.637, 18.555, 20.822, 50.956, 0, 0, 0, 0, 0, 99.463, 99.463, 99.463, 99.463, 99.463, 75.59, 75.59, 75.59, 75.59, 75.59, 90.936, 90.936, 90.936, 90.936, 90.936, 9.906, 7.057, 5.973, 5.973, 5.973, 0, 0, 0, 0, 0, 7.057, 7.057, 7.057, 7.057, 7.057, 75.554, 148.132, 11.637, -99, -99, -99, -99, -99, -99, -99, 99.463, -99, -99, -99, -99, 2, 1, 0, 3, 1]
[24.141, 58.551, 71.203, 73.914, 82.535, 0, 0, 0, 0, 0, 38.306, 38.306, 38.306, 38.306, 38.306, 76.535, 76.535, 76.535, 76.535, 76.535, 34.139, 36.952, 36.952, 36.952, 36.952, 9.906, 7.057, 5.973, 5.973, 5.973, 0, 0, 0, 0, 0, 7.057, 7.057, 7.057, 7.057, 7.057, 24.141, 192.769, 84.291, -99, -99, -99, -99, -99, -99, -99, 38.306, -99, -99, -99, -99, 2, 2, 0, 3, 1]
[6.792, 11.637, 18.555, 20.822, 50.956, 0, 0, 0, 0, 0, 99.463, 99.463, 99.463, 99.463, 99.463, 76.535, 76.535, 76.535, 76.535, 76.535, 90.44, 90.936, 90.936, 90.936, 90.936, 9.906, 7.057, 5.973, 5.973, 5.973, 0, 0, 0, 0, 0, 7.057, 7.057, 7.057, 7.057, 7.057, 75.554, 148.132, 11.637, -99, -99, -99, -99, -99, -99, -99, 99.463, -99, -99, -99, -99, 2, 2, 0, 3, 1]
[31.14, 59.981, 71.143, 76.271, 78.522, 0, 0, 0, 0, 0, 31.545, 31.545, 31.545, 31.545, 31.545, 78.333, 78.333, 78.333, 78.333, 78.333, 27.139, 29.956, 29.956, 29.956, 29.956, 9.906, 7.057, 5.973, 5.973, 5.973, 0, 0, 0, 0, 0, 7.057, 7.057, 7.057, 7.057, 7.057, 31.14, 189.146, 85.328, -99, -99, -99, -99, -99, -99, -99, 31.545, -99, -99, -99, -99, 2, 2, 0, 3, 1]
[6.792, 11.637, 18.555, 20.822, 50.956, 0, 0, 0, 0, 0, 99.463, 99.463, 99.463, 99.463, 99.463, 78.333, 78.333, 78.333, 78.333, 78.333, 90.44, 90.936, 90.936, 90.936, 90.936, 9.906, 7.057, 5.973, 5.973, 5.973, 0, 0, 0, 0, 0, 7.057, 7.057, 7.057, 7.057, 7.057, 75.554, 148.132, 11.637, -99, -99, -99, -99, -99, -99, -99, 99.463, -99, -99, -99, -99, 2, 2, 0, 3, 1]
[38.138, 62.285, 71.89, 75.058, 79.287, 0, 0, 0, 0, 0, 24.875, 24.875, 24.875, 24.875, 24.875, 80.813, 80.813, 80.813, 80.813, 80.813, 20.139, 22.969, 22.969, 22.969, 22.969, 9.906, 7.057, 5.973, 5.973, 5.973, 0, 0, 0, 0, 0, 7.057, 7.057, 7.057, 7.057, 7.057, 38.138, 185.825, 87.036, -99, -99, -99, -99, -99, -99, -99, 24.875, -99, -99, -99, -99, 2, 2, 0, 3, 1]
[6.792, 11.637, 18.555, 20.822, 50.956, 0, 0, 0, 0, 0, 99.463, 99.463, 99.463, 99.463, 99.463, 80.813, 80.813, 80.813, 80.813, 80.813, 90.44, 90.936, 90.936, 90.936, 90.936, 9.906, 7.057, 5.973, 5.973, 5.973, 0, 0, 0, 0, 0, 7.057, 7.057, 7.057, 7.057, 7.057, 75.554, 148.132, 11.637, -99, -99, -99, -99, -99, -99, -99, 99.463, -99, -99, -99, -99, 2, 2, 0, 3, 1]
[45.137, 65.153, 71.997, 73.182, 82.682, 0, 0, 0, 0, 0, 18.507, 18.507, 18.507, 18.507, 18.507, 83.696, 83.696, 83.696, 83.696, 83.696, 13.14, 15.983, 15.983, 15.983, 15.983, 9.906, 7.057, 5.973, 5.973, 5.973, 0, 0, 0, 0, 0, 7.057, 7.057, 7.057, 7.057, 7.057, 45.137, 182.602, 89.146, -99, -99, -99, -99, -99, -99, -99, 18.507, -99, -99, -99, -99, 2, 2, 0, 3, 1]
[6.792, 11.637, 18.555, 20.822, 50.956, 0, 0, 0, 0, 0, 99.463, 99.463, 99.463, 99.463, 99.463, 83.696, 83.696, 83.696, 83.696, 83.696, 90.44, 90.936, 90.936, 90.936, 90.936, 9.906, 7.057, 5.973, 5.973, 5.973, 0, 0, 0, 0, 0, 7.057, 7.057, 7.057, 7.057, 7.057, 75.554, 148.132, 11.637, -99, -99, -99, -99, -99, -99, -99, 99.463, -99, -99, -99, -99, 2, 2, 0, 3, 1]
[52.136, 68.721, 69.624, 75.223, 86.611, 0, 0, 0, 0, 0, 12.734, 12.734, 12.734, 12.734, 12.734, 87.153, 87.153, 87.153, 87.153, 87.153, 6.14, 9.038, 9.038, 9.038, 9.038, 9.906, 7.057, 5.973, 5.973, 5.973, 0, 0, 0, 0, 0, 7.057, 7.057, 7.057, 7.057, 7.057, 52.136, 179.706, 91.855, -99, -99, -99, -99, -99, -99, -99, 12.734, -99, -99, -99, -99, 2, 2, 0, 3, 1]
[6.792, 11.637, 18.555, 20.822, 50.956, 0, 0, 0, 0, 0, 99.463, 99.463, 99.463, 99.463, 99.463, 87.153, 87.153, 87.153, 87.153, 87.153, 90.44, 90.936, 90.936, 90.936, 90.936, 9.906, 7.057, 5.973, 5.973, 5.973, 0, 0, 0, 0, 0, 7.057, 7.057, 7.057, 7.057, 7.057, 75.554, 148.132, 11.637, -99, -99, -99, -99, -99, -99, -99, 99.463, -99, -99, -99, -99, 2, 2, 0, 3, 1]
[54.136, 69.028, 69.807, 75.882, 87.775, 0, 0, 0, 0, 0, 11.367, 11.367, 11.367, 11.367, 11.367, 88.189, 88.189, 88.189, 88.189, 88.189, 4.14, 7.067, 7.067, 7.067, 7.067, 9.906, 7.057, 5.973, 5.973, 5.973, 0, 0, 0, 0, 0, 7.057, 7.057, 7.057, 7.057, 7.057, 54.136, 178.888, 92.68, -99, -99, -99, -99, -99, -99, -99, 11.367, -99, -99, -99, -99, 2, 2, 0, 3, 1]
[6.792, 11.637, 18.555, 20.822, 50.956, 0, 0, 0, 0, 0, 99.463, 99.463, 99.463, 99.463, 99.463, 88.189, 88.189, 88.189, 88.189, 88.189, 90.44, 90.936, 90.936, 90.936, 90.936, 9.906, 7.057, 5.973, 5.973, 5.973, 0, 0, 0, 0, 0, 7.057, 7.057, 7.057, 7.057, 7.057, 75.554, 148.132, 11.637, -99, -99, -99, -99, -99, -99, -99, 99.463, -99, -99, -99, -99, 2, 2, 0, 3, 1]
[54.136, 69.028, 69.807, 75.882, 87.775, 0, 0, 0, 0, 0, 11.367, 11.367, 11.367, 11.367, 11.367, 88.189, 88.189, 88.189, 88.189, 88.189, 4.14, 7.067, 7.067, 7.067, 7.067, 9.906, 7.057, 5.973, 5.973, 5.973, 0, 0, 0, 0, 0, 7.057, 7.057, 7.057, 7.057, 7.057, 54.136, 178.888, 92.68, -99, -99, -99, -99, -99, -99, -99, 11.367, -99, -99, -99, -99, 2, 2, 0, 3, 1]
[6.792, 11.637, 18.555, 20.822, 50.956, 0, 0, 0, 0, 0, 99.463, 99.463, 99.463, 99.463, 99.463, 88.189, 88.189, 88.189, 88.189, 88.189, 90.44, 90.936, 90.936, 90.936, 90.936, 9.906, 7.057, 5.973, 5.973, 5.973, 0, 0, 0, 0, 0, 7.057, 7.057, 7.057, 7.057, 7.057, 75.554, 148.132, 11.637, -99, -99, -99, -99, -99, -99, -99, 99.463, -99, -99, -99, -99, 2, 2, 0, 3, 1]
[54.136, 69.028, 69.807, 75.882, 87.775, 0, 0, 0, 0, 0, 11.367, 11.367, 11.367, 11.367, 11.367, 88.189, 88.189, 88.189, 88.189, 88.189, 4.14, 7.067, 7.067, 7.067, 7.067, 9.906, 7.057, 5.973, 5.973, 5.973, 0, 0, 0, 0, 0, 7.057, 7.057, 7.057, 7.057, 7.057, 54.136, 178.888, 92.68, -99, -99, -99, -99, -99, -99, -99, 11.367, -99, -99, -99, -99, 2, 2, 0, 3, 1]
[6.792, 11.637, 18.555, 20.822, 50.956, 0, 0, 0, 0, 0, 99.463, 99.463, 99.463, 99.463, 99.463, 88.189, 88.189, 88.189, 88.189, 88.189, 90.44, 90.936, 90.936, 90.936, 90.936, 9.906, 7.057, 5.973, 5.973, 5.973, 0, 0, 0, 0, 0, 7.057, 7.057, 7.057, 7.057, 7.057, 75.554, 148.132, 11.637, -99, -99, -99, -99, -99, -99, -99, 99.463, -99, -99, -99, -99, 2, 2, 0, 3, 1]
[54.136, 69.028, 69.807, 75.882, 87.775, 0, 0, 0, 0, 0, 11.367, 11.367, 11.367, 11.367, 11.367, 88.189, 88.189, 88.189, 88.189, 88.189, 7.067, 7.067, 7.067, 7.067, 7.067, 9.906, 7.057, 5.973, 5.973, 5.973, 0, 0, 0, 0, 0, 7.057, 7.057, 7.057, 7.057, 7.057, 54.136, 178.888, 92.68, -99, -99, -99, -99, -99, -99, -99, 11.367, -99, -99, -99, -99, 2, 1, 0, 3, 1]
[6.792, 11.637, 18.555, 20.822, 50.956, 0, 0, 0, 0, 0, 99.463, 99.463, 99.463, 99.463, 99.463, 88.189, 88.189, 88.189, 88.189, 88.189, 90.936, 90.936, 90.936, 90.936, 90.936, 9.906, 7.057, 5.973, 5.973, 5.973, 0, 0, 0, 0, 0, 7.057, 7.057, 7.057, 7.057, 7.057, 75.554, 148.132, 11.637, -99, -99, -99, -99, -99, -99, -99, 99.463, -99, -99, -99, -99, 2, 1, 0, 3, 1]
[57.085, 67.692, 71.013, 76.406, 89.092, 0, 0, 0, 0, 0, 10.279, 10.279, 10.279, 10.279, 10.279, 89.295, 89.295, 89.295, 89.295, 89.295, 4.067, 4.067, 4.067, 4.067, 4.067, 9.906, 7.057, 5.973, 5.973, 5.973, 0, 0, 0, 0, 0, 7.057, 7.057, 7.057, 7.057, 7.057, 57.085, 177.191, 93.447, -99, -99, -99, -99, -99, -99, -99, 10.279, -99, -99, -99, -99, 2, 1, 0, 3, 1]
[6.792, 11.637, 18.555, 20.822, 50.956, 0, 0, 0, 0, 0, 99.463, 99.463, 99.463, 99.463, 99.463, 89.295, 89.295, 89.295, 89.295, 89.295, 90.936, 90.936, 90.936, 90.936, 90.936, 9.906, 7.057, 5.973, 5.973, 5.973, 0, 0, 0, 0, 0, 7.057, 7.057, 7.057, 7.057, 7.057, 75.554, 148.132, 11.637, -99, -99, -99, -99, -99, -99, -99, 99.463, -99, -99, -99, -99, 2, 1, 0, 3, 1]
[57.085, 67.692, 71.013, 76.406, 89.092, 0, 0, 0, 0, 0, 10.279, 10.279, 10.279, 10.279, 10.279, 89.295, 89.295, 89.295, 89.295, 89.295, 3.777, 4.067, 4.067, 4.067, 4.067, 9.906, 7.057, 5.973, 5.973, 5.973, 0, 0, 0, 0, 0, 7.057, 7.057, 7.057, 7.057, 7.057, 57.085, 177.191, 93.447, -99, -99, -99, -99, -99, -99, -99, 10.279, -99, -99, -99, -99, 2, 2, 0, 3, 1]
[6.792, 11.637, 18.555, 20.822, 50.956, 0, 0, 0, 0, 0, 99.463, 99.463, 99.463, 99.463, 99.463, 89.295, 89.295, 89.295, 89.295, 89.295, 90.676, 90.936, 90.936, 90.936, 90.936, 9.906, 7.057, 5.973, 5.973, 5.973, 0, 0, 0, 0, 0, 7.057, 7.057, 7.057, 7.057, 7.057, 75.554, 148.132, 11.637, -99, -99, -99, -99, -99, -99, -99, 99.463, -99, -99, -99, -99, 2, 2, 0, 3, 1]
[57.085, 67.692, 71.013, 76.406, 89.092, 0, 0, 0, 0, 0, 10.279, 10.279, 10.279, 10.279, 10.279, 89.295, 89.295, 89.295, 89.295, 89.295, 3.777, 4.067, 4.067, 4.067, 4.067, 9.906, 7.057, 5.973, 5.973, 5.973, 0, 0, 0, 0, 0, 7.057, 7.057, 7.057, 7.057, 7.057, 57.085, 177.191, 93.447, -99, -99, -99, -99, -99, -99, -99, 10.279, -99, -99, -99, -99, 2, 2, 0, 3, 1]
[6.792, 11.637, 18.555, 20.822, 50.956, 0, 0, 0, 0, 0, 99.463, 99.463, 99.463, 99.463, 99.463, 89.295, 89.295, 89.295, 89.295, 89.295, 90.676, 90.936, 90.936, 90.936, 90.936, 9.906, 7.057, 5.973, 5.973, 5.973, 0, 0, 0, 0, 0, 7.057, 7.057, 7.057, 7.057, 7.057, 75.554, 148.132, 11.637, -99, -99, -99, -99, -99, -99, -99, 99.463, -99, -99, -99, -99, 2, 2, 0, 3, 1]
[57.085, 67.692, 71.013, 76.406, 89.092, 0, 0, 0, 0, 0, 10.279, 10.279, 10.279, 10.279, 10.279, 89.295, 89.295, 89.295, 89.295, 89.295, 3.777, 4.067, 4.067, 4.067, 4.067, 9.906, 7.057, 5.973, 5.973, 5.973, 0, 0, 0, 0, 0, 7.057, 7.057, 7.057, 7.057, 7.057, 57.085, 177.191, 93.447, -99, -99, -99, -99, -99, -99, -99, 10.279, -99, -99, -99, -99, 2, 2, 0, 3, 1]
[6.792, 11.637, 18.555, 20.822, 50.956, 0, 0, 0, 0, 0, 99.463, 99.463, 99.463, 99.463, 99.463, 89.295, 89.295, 89.295, 89.295, 89.295, 90.676, 90.936, 90.936, 90.936, 90.936, 9.906, 7.057, 5.973, 5.973, 5.973, 0, 0, 0, 0, 0, 7.057, 7.057, 7.057, 7.057, 7.057, 75.554, 148.132, 11.637, -99, -99, -99, -99, -99, -99, -99, 99.463, -99, -99, -99, -99, 2, 2, 0, 3, 1]
[57.085, 67.692, 71.013, 76.406, 89.092, 0, 0, 0, 0, 0, 10.279, 10.279, 10.279, 10.279, 10.279, 89.295, 89.295, 89.295, 89.295, 89.295, 3.777, 4.067, 4.067, 4.067, 4.067, 9.906, 7.057, 5.973, 5.973, 5.973, 0, 0, 0, 0, 0, 7.057, 7.057, 7.057, 7.057, 7.057, 57.085, 177.191, 93.447, -99, -99, -99, -99, -99, -99, -99, 10.279, -99, -99, -99, -99, 2, 2, 0, 3, 1]
[6.792, 11.637, 18.555, 20.822, 50.956, 0, 0, 0, 0, 0, 99.463, 99.463, 99.463, 99.463, 99.463, 89.295, 89.295, 89.295, 89.295, 89.295, 90.676, 90.936, 90.936, 90.936, 90.936, 9.906, 7.057, 5.973, 5.973, 5.973, 0, 0, 0, 0, 0, 7.057, 7.057, 7.057, 7.057, 7.057, 75.554, 148.132, 11.637, -99, -99, -99, -99, -99, -99, -99, 99.463, -99, -99, -99, -99, 2, 2, 0, 3, 1]
[57.085, 67.692, 71.013, 76.406, 89.092, 0, 0, 0, 0, 0, 10.279, 10.279, 10.279, 10.279, 10.279, 89.295, 89.295, 89.295, 89.295, 89.295, 3.777, 3.777, 3.777, 3.777, 3.777, 9.906, 7.057, 5.973, 5.973, 5.973, 0, 0, 0, 0, 0, 7.057, 7.057, 7.057, 7.057, 7.057, 57.085, 177.191, 93.447, -99, -99, -99, -99, -99, -99, -99, 10.279, -99, -99, -99, -99, 2, 1, 0, 3, 1]
[6.792, 11.637, 18.555, 20.822, 50.956, 0, 0, 0, 0, 0, 99.463, 99.463, 99.463, 99.463, 99.463, 89.295, 89.295, 89.295, 89.295, 89.295, 90.676, 90.676, 90.676, 90.676, 90.676, 9.906, 7.057, 5.973, 5.973, 5.973, 0, 0, 0, 0, 0, 7.057, 7.057, 7.057, 7.057, 7.057, 75.554, 148.132, 11.637, -99, -99, -99, -99, -99, -99, -99, 99.463, -99, -99, -99, -99, 2, 1, 0, 3, 1]
[57.085, 67.692, 71.013, 76.406, 89.092, 0, 0, 0, 0, 0, 10.279, 10.279, 10.279, 10.279, 10.279, 89.295, 89.295, 89.295, 89.295, 89.295, 3.777, 3.777, 3.777, 3.777, 3.777, 9.906, 7.057, 5.973, 5.973, 5.973, 0, 0, 0, 0, 0, 7.057, 7.057, 7.057, 7.057, 7.057, 57.085, 177.191, 93.447, -99, -99, -99, -99, -99, -99, -99, 10.279, -99, -99, -99, -99, 2, 1, 0, 3, 1]
[6.792, 11.637, 18.555, 20.822, 50.956, 0, 0, 0, 0, 0, 99.463, 99.463, 99.463, 99.463, 99.463, 89.295, 89.295, 89.295, 89.295, 89.295, 90.676, 90.676, 90.676, 90.676, 90.676, 9.906, 7.057, 5.973, 5.973, 5.973, 0, 0, 0, 0, 0, 7.057, 7.057, 7.057, 7.057, 7.057, 75.554, 148.132, 11.637, -99, -99, -99, -99, -99, -99, -99, 99.463, -99, -99, -99, -99, 2, 1, 0, 3, 1]
