[37.72, 44.553, 53.984, 80.767, 90.55, 0, 0, 0, 0, 0, 0, 0, 0, 0, 0, 3.0, 3.0, 3.0, 3.0, 3.0, 180.0, 180.025, 180.025, 180.025, 180.025, 12.682, 10.186, 6.454, 6.454, 6.454, 0, 0, 0, 0, 0, 0, 0, 0, 0, 0, 203.409, 44.553, -99, -99, -99, -99, -99, -99, -99, -99, -99, -99, -99, -99, -99, 3, 3, 0, 3, 0]
[35.267, 43.327, 56.773, 80.457, 81.187, 0, 0, 0, 0, 0, 0, 0, 0, 0, 0, 3.0, 6.0, 6.0, 6.0, 6.0, 180.0, 180.025, 180.1, 180.1, 180.1, 12.682, 10.186, 6.454, 6.454, 6.454, 0, 0, 0, 0, 0, 0, 0, 0, 0, 0, 203.892, 43.327, 80.457, -99, -99, -99, -99, -99, -99, -99, -99, -99, -99, -99, -99, 3, 3, 0, 3, 0]
[40.248, 45.944, 51.219, 80.457, 81.187, 0, 0, 0, 0, 0, 0, 0, 0, 0, 0, 3.0, 6.0, 6.0, 6.0, 6.0, 180.0, 180.025, 180.1, 180.1, 180.1, 12.682, 10.186, 6.454, 6.454, 6.454, 0, 0, 0, 0, 0, 0, 0, 0, 0, 0, 202.968, 45.944, 81.187, -99, -99, -99, -99, -99, -99, -99, -99, -99, -99, -99, -99, 3, 3, 0, 3, 0]
[38.379, 42.018, 51.747, 73.824, 85.073, 0, 0, 0, 0, 0, 0, 0, 0, 0, 0, 7.616, 7.616, 7.616, 7.616, 7.616, 173.026, 177.01, 177.01, 177.01, 177.01, 12.682, 10.186, 6.454, 6.454, 6.454, 0, 0, 0, 0, 0, 0, 0, 0, 0, 0, 196.495, 38.379, -99, -99, -99, -99, -99, -99, -99, -99, -99, -99, -99, -99, -99, 3, 3, 0, 3, 0]
[35.267, 43.327, 56.773, 80.457, 81.187, 0, 0, 0, 0, 0, 0, 0, 0, 0, 0, 6.0, 7.616, 7.616, 7.616, 7.616, 180.0, 180.1, 184.125, 184.125, 184.125, 12.682, 10.186, 6.454, 6.454, 6.454, 0, 0, 0, 0, 0, 0, 0, 0, 0, 0, 203.892, 43.327, 80.457, -99, -99, -99, -99, -99, -99, -99, -99, -99, -99, -99, -99, 3, 3, 0, 3, 0]
[40.248, 45.944, 51.219, 80.457, 81.187, 0, 0, 0, 0, 0, 0, 0, 0, 0, 0, 6.0, 7.616, 7.616, 7.616, 7.616, 180.0, 180.1, 183.936, 183.936, 183.936, 12.682, 10.186, 6.454, 6.454, 6.454, 0, 0, 0, 0, 0, 0, 0, 0, 0, 0, 202.968, 45.944, 81.187, -99, -99, -99, -99, -99, -99, -99, -99, -99, -99, -99, -99, 3, 3, 0, 3, 0]
[32.469, 46.888, 50.511, 66.876, 66.912, 0, 0, 0, 0, 0, 0, 0, 0, 0, 0, 7.616, 14.292, 14.292, 14.292, 14.292, 166.026, 166.03, 170.019, 170.019, 170.019, 12.682, 10.186, 6.454, 6.454, 6.454, 0, 0, 0, 0, 0, 0, 0, 0, 0, 0, 189.609, 32.469, 66.876, -99, -99, -99, -99, -99, -99, -99, -99, -99, -99, -99, -99, 3, 3, 0, 3, 0]
[35.267, 43.327, 56.773, 80.457, 81.187, 0, 0, 0, 0, 0, 0, 0, 0, 0, 0, 9.14, 14.292, 14.292, 14.292, 14.292, 180.0, 180.1, 184.125, 184.125, 184.125, 12.682, 10.186, 6.454, 6.454, 6.454, 0, 0, 0, 0, 0, 0, 0, 0, 0, 0, 203.892, 43.327, 80.457, -99, -99, -99, -99, -99, -99, -99, -99, -99, -99, -99, -99, 3, 3, 0, 3, 0]
[39.917, 44.206, 48.973, 73.497, 74.263, 0, 0, 0, 0, 0, 0, 0, 0, 0, 0, 7.616, 9.14, 9.14, 9.14, 9.14, 173.001, 173.101, 176.94, 176.94, 176.94, 12.682, 10.186, 6.454, 6.454, 6.454, 0, 0, 0, 0, 0, 0, 0, 0, 0, 0, 196.058, 39.917, 74.263, -99, -99, -99, -99, -99, -99, -99, -99, -99, -99, -99, -99, 3, 3, 0, 3, 0]
[27.083, 50.231, 52.244, 59.94, 60.021, 0, 0, 0, 0, 0, 0, 0, 0, 0, 0, 7.616, 21.178, 21.178, 21.178, 21.178, 152.026, 159.035, 167.251, 167.251, 167.251, 12.682, 10.186, 6.454, 6.454, 6.454, 0, 0, 0, 0, 0, 0, 0, 0, 0, 0, 182.732, 27.083, 59.94, -99, -99, -99, -99, -99, -99, -99, -99, -99, -99, -99, -99, 3, 3, 0, 3, 0]
[35.267, 43.327, 56.773, 80.457, 81.187, 0, 0, 0, 0, 0, 0, 0, 0, 0, 0, 15.135, 21.178, 21.178, 21.178, 21.178, 173.001, 180.1, 188.396, 188.396, 188.396, 12.682, 10.186, 6.454, 6.454, 6.454, 0, 0, 0, 0, 0, 0, 0, 0, 0, 0, 203.892, 43.327, 80.457, -99, -99, -99, -99, -99, -99, -99, -99, -99, -99, -99, -99, 3, 3, 0, 3, 0]
[34.262, 47.658, 48.851, 66.546, 67.355, 0, 0, 0, 0, 0, 0, 0, 0, 0, 0, 7.616, 15.135, 15.135, 15.135, 15.135, 159.103, 166.002, 174.056, 174.056, 174.056, 12.682, 10.186, 6.454, 6.454, 6.454, 0, 0, 0, 0, 0, 0, 0, 0, 0, 0, 189.154, 34.262, 67.355, -99, -99, -99, -99, -99, -99, -99, -99, -99, -99, -99, -99, 3, 3, 0, 3, 0]
[22.6, 50.92, 53.022, 53.157, 57.952, 0, 0, 0, 0, 0, 0, 0, 0, 0, 0, 7.571, 28.12, 28.12, 28.12, 28.12, 138.026, 152.04, 164.708, 164.708, 164.708, 12.682, 10.186, 6.454, 6.454, 6.454, 0, 0, 0, 0, 0, 0, 0, 0, 0, 0, 175.865, 22.6, 53.022, -99, -99, -99, -99, -99, -99, -99, -99, -99, -99, -99, -99, 3, 3, 0, 3, 0]
[35.267, 43.327, 56.773, 80.457, 81.187, 0, 0, 0, 0, 0, 0, 0, 0, 0, 0, 21.705, 28.12, 28.12, 28.12, 28.12, 166.002, 180.1, 192.826, 192.826, 192.826, 12.682, 10.186, 6.454, 6.454, 6.454, 0, 0, 0, 0, 0, 0, 0, 0, 0, 0, 203.892, 43.327, 80.457, -99, -99, -99, -99, -99, -99, -99, -99, -99, -99, -99, -99, 3, 3, 0, 3, 0]
[29.107, 47.475, 53.927, 59.624, 60.447, 0, 0, 0, 0, 0, 0, 0, 0, 0, 0, 7.571, 21.705, 21.705, 21.705, 21.705, 145.104, 159.007, 171.398, 171.398, 171.398, 12.682, 10.186, 6.454, 6.454, 6.454, 0, 0, 0, 0, 0, 0, 0, 0, 0, 0, 182.28, 29.107, 60.447, -99, -99, -99, -99, -99, -99, -99, -99, -99, -99, -99, -99, 3, 3, 0, 3, 0]
[19.647, 46.127, 46.335, 52.541, 63.917, 0, 0, 0, 0, 0, 169.008, 169.008, 169.008, 169.008, 169.008, 7.529, 35.086, 35.086, 35.086, 35.086, 124.026, 145.046, 157.766, 157.766, 157.766, 12.682, 10.186, 6.454, 6.454, 6.454, 0, 0, 0, 0, 0, 12.682, 12.682, 12.682, 12.682, 12.682, 52.541, 19.647, 46.127, -99, -99, -99, -99, -99, -99, -99, 169.008, -99, -99, -99, -99, 3, 3, 0, 3, 1]
[35.267, 43.327, 56.773, 80.457, 81.187, 0, 0, 0, 0, 0, 203.892, 203.892, 203.892, 203.892, 203.892, 28.481, 35.086, 35.086, 35.086, 35.086, 159.004, 180.1, 192.826, 192.826, 192.826, 12.682, 10.186, 6.454, 6.454, 6.454, 0, 0, 0, 0, 0, 12.682, 12.682, 12.682, 12.682, 12.682, 56.773, 43.327, 80.457, -99, -99, -99, -99, -99, -99, -99, 203.892, -99, -99, -99, -99, 3, 3, 0, 3, 1]
[24.869, 48.316, 52.723, 53.562, 59.396, 0, 0, 0, 0, 0, 175.417, 175.417, 175.417, 175.417, 175.417, 7.529, 28.481, 28.481, 28.481, 28.481, 131.105, 152.012, 164.452, 164.452, 164.452, 12.682, 10.186, 6.454, 6.454, 6.454, 0, 0, 0, 0, 0, 12.682, 12.682, 12.682, 12.682, 12.682, 48.316, 24.869, 53.562, -99, -99, -99, -99, -99, -99, -99, 175.417, -99, -99, -99, -99, 3, 3, 0, 3, 1]
[18.955, 39.27, 39.575, 55.011, 58.57, 0, 0, 0, 0, 0, 162.164, 162.164, 162.164, 162.164, 162.164, 11.097, 42.063, 42.063, 42.063, 42.063, 110.026, 143.129, 150.829, 150.829, 150.829, 12.682, 10.186, 6.454, 6.454, 6.454, 0, 0, 0, 0, 0, 12.682, 12.682, 12.682, 12.682, 12.682, 55.011, 18.955, 39.27, -99, -99, -99, -99, -99, -99, -99, 162.164, -99, -99, -99, -99, 3, 3, 0, 3, 1]
[35.267, 43.327, 56.773, 80.457, 81.187, 0, 0, 0, 0, 0, 203.892, 203.892, 203.892, 203.892, 203.892, 31.395, 42.063, 42.063, 42.063, 42.063, 152.005, 185.192, 192.826, 192.826, 192.826, 12.682, 10.186, 6.454, 6.454, 6.454, 0, 0, 0, 0, 0, 12.682, 12.682, 12.682, 12.682, 12.682, 56.773, 43.327, 80.457, -99, -99, -99, -99, -99, -99, -99, 203.892, -99, -99, -99, -99, 3, 3, 0, 3, 1]
[17.869, 49.148, 50.667, 54.948, 59.141, 0, 0, 0, 0, 0, 173.211, 173.211, 173.211, 173.211, 173.211, 11.097, 31.395, 31.395, 31.395, 31.395, 120.629, 153.94, 161.764, 161.764, 161.764, 12.682, 10.186, 6.454, 6.454, 6.454, 0, 0, 0, 0, 0, 12.682, 12.682, 12.682, 12.682, 12.682, 54.948, 17.869, 49.148, -99, -99, -99, -99, -99, -99, -99, 173.211, -99, -99, -99, -99, 3, 3, 0, 3, 1]
[20.75, 32.474, 32.915, 51.648, 51.927, 0, 0, 0, 0, 0, 155.334, 155.334, 155.334, 155.334, 155.334, 11.918, 49.046, 49.046, 49.046, 49.046, 99.712, 129.5, 143.898, 143.898, 143.898, 12.682, 10.186, 6.454, 6.454, 6.454, 0, 0, 0, 0, 0, 12.682, 12.682, 12.682, 12.682, 12.682, 58.223, 20.75, 32.474, -99, -99, -99, -99, -99, -99, -99, 155.334, -99, -99, -99, -99, 3, 3, 0, 3, 1]
[35.267, 43.327, 56.773, 80.457, 81.187, 0, 0, 0, 0, 0, 203.892, 203.892, 203.892, 203.892, 203.892, 38.238, 49.046, 49.046, 49.046, 49.046, 148.758, 178.525, 192.826, 192.826, 192.826, 12.682, 10.186, 6.454, 6.454, 6.454, 0, 0, 0, 0, 0, 12.682, 12.682, 12.682, 12.682, 12.682, 56.773, 43.327, 80.457, -99, -99, -99, -99, -99, -99, -99, 203.892, -99, -99, -99, -99, 3, 3, 0, 3, 1]
[13.936, 42.228, 44.79, 58.412, 61.83, 0, 0, 0, 0, 0, 166.988, 166.988, 166.988, 166.988, 166.988, 11.918, 38.238, 38.238, 38.238, 38.238, 110.855, 140.77, 155.322, 155.322, 155.322, 12.682, 10.186, 6.454, 6.454, 6.454, 0, 0, 0, 0, 0, 12.682, 12.682, 12.682, 12.682, 12.682, 58.412, 13.936, 42.228, -99, -99, -99, -99, -99, -99, -99, 166.988, -99, -99, -99, -99, 3, 3, 0, 3, 1]
[24.769, 25.92, 26.288, 44.829, 45.043, 0, 0, 0, 0, 0, 148.443, 148.443, 148.443, 148.443, 148.443, 11.792, 56.046, 56.046, 56.046, 56.046, 91.0, 115.903, 136.929, 136.929, 136.929, 12.682, 10.186, 6.454, 6.454, 6.454, 0, 0, 0, 0, 0, 12.682, 12.682, 12.682, 12.682, 12.682, 61.76, 24.769, 25.92, -99, -99, -99, -99, -99, -99, -99, 148.443, -99, -99, -99, -99, 3, 3, 0, 3, 1]
[35.267, 43.327, 56.773, 80.457, 81.187, 0, 0, 0, 0, 0, 203.892, 203.892, 203.892, 203.892, 203.892, 45.165, 56.046, 56.046, 56.046, 56.046, 147.019, 171.885, 192.826, 192.826, 192.826, 12.682, 10.186, 6.454, 6.454, 6.454, 0, 0, 0, 0, 0, 12.682, 12.682, 12.682, 12.682, 12.682, 56.773, 43.327, 80.457, -99, -99, -99, -99, -99, -99, -99, 203.892, -99, -99, -99, -99, 3, 3, 0, 3, 1]
[15.268, 35.372, 38.08, 54.924, 56.706, 0, 0, 0, 0, 0, 160.056, 160.056, 160.056, 160.056, 160.056, 11.792, 45.165, 45.165, 45.165, 45.165, 102.28, 127.232, 148.336, 148.336, 148.336, 12.682, 10.186, 6.454, 6.454, 6.454, 0, 0, 0, 0, 0, 12.682, 12.682, 12.682, 12.682, 12.682, 60.337, 15.268, 35.372, -99, -99, -99, -99, -99, -99, -99, 160.056, -99, -99, -99, -99, 3, 3, 0, 3, 1]
[19.807, 19.808, 30.055, 38.151, 38.151, 0, 0, 0, 0, 0, 79.377, 141.522, 141.522, 141.522, 141.522, 11.689, 63.044, 63.044, 63.044, 63.044, 84.001, 115.136, 129.942, 129.942, 129.942, 12.682, 10.186, 6.454, 6.454, 6.454, 0, 0, 0, 0, 0, 12.682, 10.186, 10.186, 10.186, 10.186, 65.659, 30.055, 19.807, -99, -99, -99, -99, -99, -99, -99, 141.522, 79.377, -99, -99, -99, 3, 3, 0, 3, 2]
[35.267, 43.327, 56.773, 80.457, 81.187, 0, 0, 0, 0, 0, 141.718, 203.892, 203.892, 203.892, 203.892, 52.08, 63.044, 63.044, 63.044, 63.044, 147.019, 178.029, 192.826, 192.826, 192.826, 12.682, 10.186, 6.454, 6.454, 6.454, 0, 0, 0, 0, 0, 12.682, 10.186, 10.186, 10.186, 10.186, 56.773, 43.327, 80.457, -99, -99, -99, -99, -99, -99, -99, 203.892, 141.718, -99, -99, -99, 3, 3, 0, 3, 2]
[19.411, 28.659, 31.412, 48.099, 49.788, 0, 0, 0, 0, 0, 90.993, 153.098, 153.098, 153.098, 153.098, 11.689, 52.08, 52.08, 52.08, 52.08, 95.28, 126.534, 141.34, 141.34, 141.34, 12.682, 10.186, 6.454, 6.454, 6.454, 0, 0, 0, 0, 0, 12.682, 10.186, 10.186, 10.186, 10.186, 62.763, 19.411, 28.659, -99, -99, -99, -99, -99, -99, -99, 153.098, 90.993, -99, -99, -99, 3, 3, 0, 3, 2]
[13.842, 14.519, 31.306, 31.611, 35.932, 0, 0, 0, 0, 0, 72.499, 134.609, 134.609, 134.609, 134.609, 11.596, 70.042, 70.042, 70.042, 70.042, 77.001, 102.414, 122.958, 122.958, 122.958, 12.682, 10.186, 6.454, 6.454, 6.454, 0, 0, 0, 0, 0, 12.682, 10.186, 10.186, 10.186, 10.186, 70.042, 35.932, 14.519, -99, -99, -99, -99, -99, -99, -99, 134.609, 72.499, -99, -99, -99, 3, 3, 0, 3, 2]
[35.267, 43.327, 56.773, 80.457, 81.187, 0, 0, 0, 0, 0, 141.718, 203.892, 203.892, 203.892, 203.892, 59.015, 70.042, 70.042, 70.042, 70.042, 147.019, 172.126, 192.826, 192.826, 192.826, 12.682, 10.186, 6.454, 6.454, 6.454, 0, 0, 0, 0, 0, 12.682, 10.186, 10.186, 10.186, 10.186, 56.773, 43.327, 80.457, -99, -99, -99, -99, -99, -99, -99, 203.892, 141.718, -99, -99, -99, 3, 3, 0, 3, 2]
[22.124, 24.869, 24.925, 41.332, 42.897, 0, 0, 0, 0, 0, 84.068, 146.144, 146.144, 146.144, 146.144, 11.596, 59.015, 59.015, 59.015, 59.015, 88.28, 113.874, 134.343, 134.343, 134.343, 12.682, 10.186, 6.454, 6.454, 6.454, 0, 0, 0, 0, 0, 12.682, 10.186, 10.186, 10.186, 10.186, 65.847, 24.869, 22.124, -99, -99, -99, -99, -99, -99, -99, 146.144, 84.068, -99, -99, -99, 3, 3, 0, 3, 2]
[9.427, 11.282, 24.549, 25.319, 42.153, 0, 0, 0, 0, 0, 65.645, 127.705, 127.705, 127.705, 127.705, 11.513, 77.041, 77.041, 77.041, 77.041, 70.002, 89.928, 115.975, 115.975, 115.975, 12.682, 10.186, 6.454, 6.454, 6.454, 0, 0, 0, 0, 0, 12.682, 10.186, 10.186, 10.186, 10.186, 74.825, 42.153, 11.282, -99, -99, -99, -99, -99, -99, -99, 127.705, 65.645, -99, -99, -99, 3, 3, 0, 3, 2]
[35.267, 43.327, 56.773, 80.457, 81.187, 0, 0, 0, 0, 0, 141.718, 203.892, 203.892, 203.892, 203.892, 65.963, 77.041, 77.041, 77.041, 77.041, 147.019, 166.309, 192.826, 192.826, 192.826, 12.682, 10.186, 6.454, 6.454, 6.454, 0, 0, 0, 0, 0, 12.682, 10.186, 10.186, 10.186, 10.186, 56.773, 43.327, 80.457, -99, -99, -99, -99, -99, -99, -99, 203.892, 141.718, -99, -99, -99, 3, 3, 0, 3, 2]
[15.987, 18.811, 30.953, 34.658, 36.047, 0, 0, 0, 0, 0, 77.157, 139.195, 139.195, 139.195, 139.195, 11.513, 65.963, 65.963, 65.963, 65.963, 81.28, 101.411, 127.347, 127.347, 127.347, 12.682, 10.186, 6.454, 6.454, 6.454, 0, 0, 0, 0, 0, 12.682, 10.186, 10.186, 10.186, 10.186, 69.501, 30.953, 15.987, -99, -99, -99, -99, -99, -99, -99, 139.195, 77.157, -99, -99, -99, 3, 3, 0, 3, 2]
[9.173, 11.906, 17.979, 19.516, 48.587, 0, 0, 0, 0, 0, 58.827, 120.812, 120.812, 120.812, 120.812, 11.442, 84.04, 84.04, 84.04, 84.04, 63.004, 77.467, 108.995, 108.995, 108.995, 12.682, 10.186, 6.454, 6.454, 6.454, 0, 0, 0, 0, 0, 12.682, 10.186, 10.186, 10.186, 10.186, 79.934, 48.587, 11.906, -99, -99, -99, -99, -99, -99, -99, 120.812, 58.827, -99, -99, -99, 3, 3, 0, 3, 2]
[35.267, 43.327, 56.773, 80.457, 81.187, 0, 0, 0, 0, 0, 141.718, 203.892, 203.892, 203.892, 203.892, 72.922, 84.04, 84.04, 84.04, 84.04, 147.019, 160.315, 192.826, 192.826, 192.826, 12.682, 10.186, 6.454, 6.454, 6.454, 0, 0, 0, 0, 0, 12.682, 10.186, 10.186, 10.186, 10.186, 56.773, 43.327, 80.457, -99, -99, -99, -99, -99, -99, -99, 203.892, 141.718, -99, -99, -99, 3, 3, 0, 3, 2]
[10.942, 13.58, 28.142, 29.269, 37.36, 0, 0, 0, 0, 0, 70.263, 132.251, 132.251, 132.251, 132.251, 11.442, 72.922, 72.922, 72.922, 72.922, 74.28, 88.907, 120.352, 120.352, 120.352, 12.682, 10.186, 6.454, 6.454, 6.454, 0, 0, 0, 0, 0, 12.682, 10.186, 10.186, 10.186, 10.186, 73.641, 37.36, 10.942, -99, -99, -99, -99, -99, -99, -99, 132.251, 70.263, -99, -99, -99, 3, 3, 0, 3, 2]
[11.91, 13.32, 14.787, 15.944, 55.159, 0, 0, 0, 0, 0, 52.056, 113.932, 113.932, 113.932, 113.932, 18.351, 91.039, 91.039, 91.039, 91.039, 56.005, 65.394, 102.017, 102.017, 102.017, 12.682, 10.186, 6.454, 6.454, 6.454, 0, 0, 0, 0, 0, 12.682, 10.186, 10.186, 10.186, 10.186, 85.313, 55.159, 15.944, -99, -99, -99, -99, -99, -99, -99, 113.932, 52.056, -99, -99, -99, 3, 3, 0, 3, 2]
[35.267, 43.327, 56.773, 80.457, 81.187, 0, 0, 0, 0, 0, 141.718, 203.892, 203.892, 203.892, 203.892, 72.922, 91.039, 91.039, 91.039, 91.039, 147.019, 154.339, 192.826, 192.826, 192.826, 12.682, 10.186, 6.454, 6.454, 6.454, 0, 0, 0, 0, 0, 12.682, 10.186, 10.186, 10.186, 10.186, 56.773, 43.327, 80.457, -99, -99, -99, -99, -99, -99, -99, 203.892, 141.718, -99, -99, -99, 3, 3, 0, 3, 2]
[10.942, 13.58, 28.142, 29.269, 37.36, 0, 0, 0, 0, 0, 70.263, 132.251, 132.251, 132.251, 132.251, 18.351, 72.922, 72.922, 72.922, 72.922, 74.28, 83.489, 120.352, 120.352, 120.352, 12.682, 10.186, 6.454, 6.454, 6.454, 0, 0, 0, 0, 0, 12.682, 10.186, 10.186, 10.186, 10.186, 73.641, 37.36, 10.942, -99, -99, -99, -99, -99, -99, -99, 132.251, 70.263, -99, -99, -99, 3, 3, 0, 3, 2]
[7.645, 12.428, 19.201, 21.557, 57.929, 0, 0, 0, 0, 0, 45.356, 107.068, 107.068, 107.068, 107.068, 25.31, 102.694, 102.694, 102.694, 102.694, 49.007, 54.18, 95.042, 95.042, 95.042, 12.682, 10.186, 6.454, 6.454, 6.454, 0, 0, 0, 0, 0, 12.682, 10.186, 10.186, 10.186, 10.186, 90.913, 61.824, 21.557, -99, -99, -99, -99, -99, -99, -99, 107.068, 45.356, -99, -99, -99, 3, 3, 0, 3, 2]
[28.267, 45.604, 63.532, 84.388, 86.367, 0, 0, 0, 0, 0, 146.843, 209.042, 209.042, 209.042, 209.042, 77.434, 102.694, 102.694, 102.694, 102.694, 151.699, 153.914, 197.673, 197.673, 197.673, 12.682, 10.186, 6.454, 6.454, 6.454, 0, 0, 0, 0, 0, 12.682, 10.186, 10.186, 10.186, 10.186, 63.532, 45.604, 84.388, -99, -99, -99, -99, -99, -99, -99, 209.042, 146.843, -99, -99, -99, 3, 3, 0, 3, 2]
[10.942, 13.58, 28.142, 29.269, 37.36, 0, 0, 0, 0, 0, 70.263, 132.251, 132.251, 132.251, 132.251, 25.31, 77.434, 77.434, 77.434, 77.434, 74.28, 78.407, 120.352, 120.352, 120.352, 12.682, 10.186, 6.454, 6.454, 6.454, 0, 0, 0, 0, 0, 12.682, 10.186, 10.186, 10.186, 10.186, 73.641, 37.36, 10.942, -99, -99, -99, -99, -99, -99, -99, 132.251, 70.263, -99, -99, -99, 3, 3, 0, 3, 2]
[8.442, 13.831, 25.609, 27.854, 57.761, 0, 0, 0, 0, 0, 38.718, 100.197, 100.197, 100.197, 100.197, 32.294, 109.693, 109.693, 109.693, 109.693, 42.007, 43.647, 88.061, 88.061, 88.061, 12.682, 10.186, 6.454, 6.454, 6.454, 0, 0, 0, 0, 0, 12.682, 10.186, 10.186, 10.186, 10.186, 96.628, 68.588, 27.854, -99, -99, -99, -99, -99, -99, -99, 100.197, 38.718, -99, -99, -99, 3, 3, 0, 3, 2]
[28.267, 45.604, 63.532, 84.388, 86.367, 0, 0, 0, 0, 0, 146.843, 209.042, 209.042, 209.042, 209.042, 77.434, 109.693, 109.693, 109.693, 109.693, 147.907, 151.699, 197.673, 197.673, 197.673, 12.682, 10.186, 6.454, 6.454, 6.454, 0, 0, 0, 0, 0, 12.682, 10.186, 10.186, 10.186, 10.186, 63.532, 45.604, 84.388, -99, -99, -99, -99, -99, -99, -99, 209.042, 146.843, -99, -99, -99, 3, 3, 0, 3, 2]
[10.942, 13.58, 28.142, 29.269, 37.36, 0, 0, 0, 0, 0, 70.263, 132.251, 132.251, 132.251, 132.251, 32.294, 77.434, 77.434, 77.434, 77.434, 73.115, 74.28, 120.352, 120.352, 120.352, 12.682, 10.186, 6.454, 6.454, 6.454, 0, 0, 0, 0, 0, 12.682, 10.186, 10.186, 10.186, 10.186, 73.641, 37.36, 10.942, -99, -99, -99, -99, -99, -99, -99, 132.251, 70.263, -99, -99, -99, 3, 3, 0, 3, 2]
[8.442, 13.831, 25.609, 27.854, 57.761, 0, 0, 0, 0, 0, 38.718, 100.197, 100.197, 100.197, 100.197, 25.302, 109.693, 109.693, 109.693, 109.693, 37.15, 42.007, 88.061, 88.061, 88.061, 12.682, 10.186, 6.454, 6.454, 6.454, 0, 0, 0, 0, 0, 12.682, 10.186, 10.186, 10.186, 10.186, 96.628, 68.588, 27.854, -99, -99, -99, -99, -99, -99, -99, 100.197, 38.718, -99, -99, -99, 3, 3, 0, 3, 2]
[28.267, 45.604, 63.532, 84.388, 86.367, 0, 0, 0, 0, 0, 146.843, 209.042, 209.042, 209.042, 209.042, 84.433, 109.693, 109.693, 109.693, 109.693, 140.929, 151.699, 197.673, 197.673, 197.673, 12.682, 10.186, 6.454, 6.454, 6.454, 0, 0, 0, 0, 0, 12.682, 10.186, 10.186, 10.186, 10.186, 63.532, 45.604, 84.388, -99, -99, -99, -99, -99, -99, -99, 209.042, 146.843, -99, -99, -99, 3, 3, 0, 3, 2]
[8.926, 10.751, 21.866, 22.672, 43.909, 0, 0, 0, 0, 0, 63.419, 125.331, 125.331, 125.331, 125.331, 25.302, 84.433, 84.433, 84.433, 84.433, 59.703, 67.281, 113.363, 113.363, 113.363, 12.682, 10.186, 6.454, 6.454, 6.454, 0, 0, 0, 0, 0, 12.682, 10.186, 10.186, 10.186, 10.186, 78.279, 43.909, 8.926, -99, -99, -99, -99, -99, -99, -99, 125.331, 63.419, -99, -99, -99, 3, 3, 0, 3, 2]
[8.442, 13.831, 25.609, 27.854, 57.761, 0, 0, 0, 0, 0, 38.718, 100.197, 100.197, 100.197, 100.197, 18.315, 109.693, 109.693, 109.693, 109.693, 30.15, 42.007, 88.061, 88.061, 88.061, 12.682, 10.186, 6.454, 6.454, 6.454, 0, 0, 0, 0, 0, 12.682, 10.186, 10.186, 10.186, 10.186, 96.628, 68.588, 27.854, -99, -99, -99, -99, -99, -99, -99, 100.197, 38.718, -99, -99, -99, 3, 3, 0, 3, 2]
[28.267, 45.604, 63.532, 84.388, 86.367, 0, 0, 0, 0, 0, 146.843, 209.042, 209.042, 209.042, 209.042, 91.433, 109.693, 109.693, 109.693, 109.693, 134.827, 151.699, 197.673, 197.673, 197.673, 12.682, 10.186, 6.454, 6.454, 6.454, 0, 0, 0, 0, 0, 12.682, 10.186, 10.186, 10.186, 10.186, 63.532, 45.604, 84.388, -99, -99, -99, -99, -99, -99, -99, 209.042, 146.843, -99, -99, -99, 3, 3, 0, 3, 2]
[11.731, 12.031, 16.193, 16.411, 50.579, 0, 0, 0, 0, 0, 56.612, 118.421, 118.421, 118.421, 118.421, 18.315, 91.433, 91.433, 91.433, 91.433, 46.525, 60.281, 106.375, 106.375, 106.375, 12.682, 10.186, 6.454, 6.454, 6.454, 0, 0, 0, 0, 0, 12.682, 10.186, 10.186, 10.186, 10.186, 83.248, 50.579, 11.731, -99, -99, -99, -99, -99, -99, -99, 118.421, 56.612, -99, -99, -99, 3, 3, 0, 3, 2]
[8.442, 13.831, 25.609, 27.854, 57.761, 0, 0, 0, 0, 0, 38.718, 100.197, 100.197, 100.197, 100.197, 18.315, 109.693, 109.693, 109.693, 109.693, 30.15, 42.007, 88.061, 88.061, 88.061, 12.682, 10.186, 6.454, 6.454, 6.454, 0, 0, 0, 0, 0, 12.682, 10.186, 10.186, 10.186, 10.186, 96.628, 68.588, 27.854, -99, -99, -99, -99, -99, -99, -99, 100.197, 38.718, -99, -99, -99, 3, 3, 0, 3, 2]
[28.267, 45.604, 63.532, 84.388, 86.367, 0, 0, 0, 0, 0, 146.843, 209.042, 209.042, 209.042, 209.042, 91.433, 109.693, 109.693, 109.693, 109.693, 134.827, 151.699, 197.673, 197.673, 197.673, 12.682, 10.186, 6.454, 6.454, 6.454, 0, 0, 0, 0, 0, 12.682, 10.186, 10.186, 10.186, 10.186, 63.532, 45.604, 84.388, -99, -99, -99, -99, -99, -99, -99, 209.042, 146.843, -99, -99, -99, 3, 3, 0, 3, 2]
[11.731, 12.031, 16.193, 16.411, 50.579, 0, 0, 0, 0, 0, 56.612, 118.421, 118.421, 118.421, 118.421, 18.315, 91.433, 91.433, 91.433, 91.433, 46.525, 60.281, 106.375, 106.375, 106.375, 12.682, 10.186, 6.454, 6.454, 6.454, 0, 0, 0, 0, 0, 12.682, 10.186, 10.186, 10.186, 10.186, 83.248, 50.579, 11.731, -99, -99, -99, -99, -99, -99, -99, 118.421, 56.612, -99, -99, -99, 3, 3, 0, 3, 2]
[8.442, 13.831, 25.609, 27.854, 57.761, 0, 0, 0, 0, 0, 38.718, 100.197, 100.197, 100.197, 100.197, 18.315, 103.97, 103.97, 103.97, 103.97, 30.15, 42.007, 88.061, 88.061, 88.061, 12.682, 10.186, 6.454, 6.454, 6.454, 0, 0, 0, 0, 0, 12.682, 10.186, 10.186, 10.186, 10.186, 96.628, 68.588, 27.854, -99, -99, -99, -99, -99, -99, -99, 100.197, 38.718, -99, -99, -99, 3, 3, 0, 3, 2]
[30.095, 38.856, 64.546, 78.225, 81.156, 0, 0, 0, 0, 0, 141.473, 203.651, 203.651, 203.651, 203.651, 85.667, 103.97, 103.97, 103.97, 103.97, 129.705, 145.944, 192.022, 192.022, 192.022, 12.682, 10.186, 6.454, 6.454, 6.454, 0, 0, 0, 0, 0, 12.682, 10.186, 10.186, 10.186, 10.186, 64.546, 38.856, 78.225, -99, -99, -99, -99, -99, -99, -99, 203.651, 141.473, -99, -99, -99, 3, 3, 0, 3, 2]
[11.731, 12.031, 16.193, 16.411, 50.579, 0, 0, 0, 0, 0, 56.612, 118.421, 118.421, 118.421, 118.421, 18.315, 85.667, 85.667, 85.667, 85.667, 46.525, 60.281, 106.375, 106.375, 106.375, 12.682, 10.186, 6.454, 6.454, 6.454, 0, 0, 0, 0, 0, 12.682, 10.186, 10.186, 10.186, 10.186, 83.248, 50.579, 11.731, -99, -99, -99, -99, -99, -99, -99, 118.421, 56.612, -99, -99, -99, 3, 3, 0, 3, 2]
[8.442, 13.831, 25.609, 27.854, 57.761, 0, 0, 0, 0, 0, 38.718, 100.197, 100.197, 100.197, 100.197, 18.315, 96.972, 96.972, 96.972, 96.972, 30.15, 42.007, 88.061, 88.061, 88.061, 12.682, 10.186, 6.454, 6.454, 6.454, 0, 0, 0, 0, 0, 12.682, 10.186, 10.186, 10.186, 10.186, 96.628, 68.588, 27.854, -99, -99, -99, -99, -99, -99, -99, 100.197, 38.718, -99, -99, -99, 3, 3, 0, 3, 2]
[32.283, 36.149, 62.077, 71.26, 74.241, 0, 0, 0, 0, 0, 134.511, 196.681, 196.681, 196.681, 196.681, 78.667, 96.972, 96.972, 96.972, 96.972, 122.796, 138.944, 185.025, 185.025, 185.025, 12.682, 10.186, 6.454, 6.454, 6.454, 0, 0, 0, 0, 0, 12.682, 10.186, 10.186, 10.186, 10.186, 62.077, 32.283, 71.26, -99, -99, -99, -99, -99, -99, -99, 196.681, 134.511, -99, -99, -99, 3, 3, 0, 3, 2]
[11.731, 12.031, 16.193, 16.411, 50.579, 0, 0, 0, 0, 0, 56.612, 118.421, 118.421, 118.421, 118.421, 18.315, 78.667, 78.667, 78.667, 78.667, 46.525, 60.281, 106.375, 106.375, 106.375, 12.682, 10.186, 6.454, 6.454, 6.454, 0, 0, 0, 0, 0, 12.682, 10.186, 10.186, 10.186, 10.186, 83.248, 50.579, 11.731, -99, -99, -99, -99, -99, -99, -99, 118.421, 56.612, -99, -99, -99, 3, 3, 0, 3, 2]
[8.442, 13.831, 25.609, 27.854, 57.761, 0, 0, 0, 0, 0, 38.718, 100.197, 100.197, 100.197, 100.197, 19.784, 92.006, 92.006, 92.006, 92.006, 30.15, 42.007, 85.553, 88.061, 88.061, 12.682, 10.186, 6.454, 6.454, 6.454, 0, 0, 0, 0, 0, 12.682, 10.186, 10.186, 10.186, 10.186, 96.628, 68.588, 27.854, -99, -99, -99, -99, -99, -99, -99, 100.197, 38.718, -99, -99, -99, 3, 4, 0, 3, 2]
[25.808, 39.184, 65.275, 65.723, 70.079, 0, 0, 0, 0, 0, 129.941, 192.016, 192.016, 192.016, 192.016, 72.255, 92.006, 92.006, 92.006, 92.006, 118.567, 133.866, 177.486, 180.041, 180.041, 12.682, 10.186, 6.454, 6.454, 6.454, 0, 0, 0, 0, 0, 12.682, 10.186, 10.186, 10.186, 10.186, 65.275, 25.808, 65.723, -99, -99, -99, -99, -99, -99, -99, 192.016, 129.941, -99, -99, -99, 3, 4, 0, 3, 2]
[9.731, 12.894, 16.261, 18.33, 48.906, 0, 0, 0, 0, 0, 58.268, 119.969, 119.969, 119.969, 119.969, 19.784, 72.255, 72.255, 72.255, 72.255, 48.361, 61.636, 105.337, 107.787, 107.787, 12.682, 10.186, 6.454, 6.454, 6.454, 0, 0, 0, 0, 0, 12.682, 10.186, 10.186, 10.186, 10.186, 83.344, 48.906, 9.731, -99, -99, -99, -99, -99, -99, -99, 119.969, 58.268, -99, -99, -99, 3, 4, 0, 3, 2]
[19.695, 43.151, 60.489, 66.396, 69.036, 84.539, 84.539, 84.539, 84.539, 84.539, 125.595, 187.496, 187.496, 187.496, 187.496, 67.537, 87.321, 87.321, 87.321, 87.321, 114.61, 128.969, 172.874, 175.196, 175.196, 12.682, 10.186, 6.454, 6.454, 6.454, 6.454, 6.454, 6.454, 6.454, 6.454, 12.682, 10.186, 10.186, 10.186, 10.186, 69.036, 19.695, 60.489, -99, -99, 84.539, -99, -99, -99, -99, 187.496, 125.595, -99, -99, -99, 3, 4, 1, 3, 2]
[9.731, 12.894, 16.261, 48.906, 57.255, 18.33, 18.33, 18.33, 18.33, 18.33, 58.268, 119.969, 119.969, 119.969, 119.969, 19.784, 67.537, 67.537, 67.537, 67.537, 48.361, 61.636, 105.337, 107.787, 107.787, 12.682, 10.186, 6.454, 6.454, 6.454, 6.454, 6.454, 6.454, 6.454, 6.454, 12.682, 10.186, 10.186, 10.186, 10.186, 83.344, 48.906, 9.731, -99, -99, 18.33, -99, -99, -99, -99, 119.969, 58.268, -99, -99, -99, 3, 4, 1, 3, 2]
[14.414, 47.819, 63.276, 73.275, 74.895, 55.645, 80.725, 80.725, 80.725, 80.725, 121.497, 183.132, 183.132, 183.132, 183.132, 63.244, 82.962, 82.962, 82.962, 82.962, 110.954, 124.273, 168.426, 170.5, 170.5, 12.682, 10.186, 6.454, 6.454, 6.454, 6.454, 6.454, 6.454, 6.454, 6.454, 12.682, 10.186, 10.186, 10.186, 10.186, 73.275, 14.414, 74.895, -99, -99, 55.645, -99, -99, -99, -99, 183.132, 121.497, -99, -99, -99, 3, 4, 1, 3, 2]
[11.208, 53.002, 60.804, 70.136, 77.913, 51.301, 77.359, 77.359, 77.359, 77.359, 117.673, 178.936, 178.936, 178.936, 178.936, 59.467, 78.983, 78.983, 78.983, 78.983, 105.273, 107.63, 119.803, 164.157, 165.966, 12.682, 10.186, 6.454, 6.454, 6.454, 6.454, 6.454, 6.454, 6.454, 6.454, 12.682, 10.186, 10.186, 10.186, 10.186, 77.913, 11.208, 70.136, -99, -99, 51.301, -99, -99, -99, -99, 178.936, 117.673, -99, -99, -99, 3, 5, 1, 3, 2]
[11.554, 58.706, 58.769, 65.49, 73.95, 47.278, 74.163, 74.163, 74.163, 74.163, 113.834, 174.621, 174.621, 174.621, 174.621, 55.979, 75.127, 75.127, 75.127, 75.127, 94.417, 104.336, 115.291, 159.784, 161.324, 12.682, 10.186, 6.454, 6.454, 6.454, 6.454, 6.454, 6.454, 6.454, 6.454, 12.682, 10.186, 10.186, 10.186, 10.186, 82.627, 11.554, 65.49, -99, -99, 47.278, -99, -99, -99, -99, 174.621, 113.834, -99, -99, -99, 3, 5, 1, 3, 2]
[11.228, 53.108, 58.601, 65.701, 67.837, 40.648, 67.84, 67.84, 67.84, 67.84, 107.167, 167.777, 167.777, 167.777, 167.777, 49.567, 68.495, 68.495, 68.495, 68.495, 80.767, 97.912, 108.409, 152.926, 154.403, 12.682, 10.186, 6.454, 6.454, 6.454, 6.454, 6.454, 6.454, 6.454, 6.454, 12.682, 10.186, 10.186, 10.186, 10.186, 83.306, 11.228, 58.601, -99, -99, 40.648, -99, -99, -99, -99, 167.777, 107.167, -99, -99, -99, 3, 5, 1, 3, 2]
[12.739, 46.55, 51.703, 63.621, 71.98, 33.649, 60.892, 60.892, 60.892, 60.892, 100.17, 160.842, 160.842, 160.842, 160.842, 42.6, 61.495, 61.495, 61.495, 61.495, 66.786, 90.932, 101.504, 146.001, 147.543, 12.682, 10.186, 6.454, 6.454, 6.454, 6.454, 6.454, 6.454, 6.454, 6.454, 12.682, 10.186, 10.186, 10.186, 10.186, 82.132, 12.739, 51.703, -99, -99, 33.649, -99, -99, -99, -99, 160.842, 100.17, -99, -99, -99, 3, 5, 1, 3, 2]
[17.22, 40.142, 44.836, 59.929, 78.381, 26.649, 53.958, 53.958, 53.958, 53.958, 93.174, 153.913, 153.913, 153.913, 153.913, 35.648, 54.495, 54.495, 54.495, 54.495, 58.788, 83.955, 94.613, 139.083, 140.697, 12.682, 10.186, 6.454, 6.454, 6.454, 6.454, 6.454, 6.454, 6.454, 6.454, 12.682, 10.186, 10.186, 10.186, 10.186, 81.544, 17.22, 44.836, -99, -99, 26.649, -99, -99, -99, -99, 153.913, 93.174, -99, -99, -99, 3, 5, 1, 3, 2]
[22.994, 33.967, 38.018, 56.861, 74.714, 19.649, 47.044, 47.044, 47.044, 47.044, 86.178, 146.991, 146.991, 146.991, 146.991, 28.718, 47.496, 47.496, 47.496, 47.496, 58.78, 76.983, 87.74, 132.173, 133.868, 12.682, 10.186, 6.454, 6.454, 6.454, 6.454, 6.454, 6.454, 6.454, 6.454, 12.682, 10.186, 10.186, 10.186, 10.186, 81.555, 22.994, 38.018, -99, -99, 19.649, -99, -99, -99, -99, 146.991, 86.178, -99, -99, -99, 3, 5, 1, 3, 2]
[28.108, 29.261, 31.319, 54.643, 70.719, 12.649, 40.136, 40.136, 40.136, 40.136, 79.189, 140.097, 140.097, 140.097, 140.097, 21.808, 40.499, 40.499, 40.499, 40.499, 58.781, 66.767, 70.005, 80.915, 125.296, 12.682, 10.186, 6.454, 6.454, 6.454, 6.454, 6.454, 6.454, 6.454, 6.454, 12.682, 10.186, 10.186, 10.186, 10.186, 82.044, 29.261, 31.319, -99, -99, 12.649, -99, -99, -99, -99, 140.097, 79.189, -99, -99, -99, 3, 7, 1, 3, 2]
[25.806, 28.474, 32.058, 53.891, 69.199, 9.649, 37.197, 37.197, 37.197, 37.197, 76.192, 137.137, 137.137, 137.137, 137.137, 18.88, 37.499, 37.499, 37.499, 37.499, 56.956, 62.689, 67.021, 77.988, 119.036, 12.682, 10.186, 6.454, 6.454, 6.454, 6.454, 6.454, 6.454, 6.454, 6.454, 12.682, 10.186, 10.186, 10.186, 10.186, 82.486, 32.058, 28.474, -99, -99, 9.649, -99, -99, -99, -99, 137.137, 76.192, -99, -99, -99, 3, 7, 1, 3, 2]
[12.514, 17.591, 49.737, 52.579, 62.591, 8.69, 8.69, 8.69, 8.69, 8.69, 19.762, 57.867, 119.034, 119.034, 119.034, 4.703, 18.333, 18.333, 18.333, 18.333, 25.959, 44.373, 45.753, 48.875, 60.167, 12.682, 10.186, 6.454, 6.454, 6.454, 6.454, 6.454, 6.454, 6.454, 6.454, 12.682, 10.186, 6.454, 6.454, 6.454, 87.694, 49.737, 12.514, -99, -99, 8.69, -99, -99, -99, -99, 119.034, 57.867, 19.762, -99, -99, 3, 9, 1, 3, 3]
[9.654, 18.266, 54.213, 56.492, 60.86, 15.672, 15.672, 15.672, 15.672, 15.672, 13.463, 50.91, 112.246, 112.246, 112.246, 8.2, 25.321, 25.321, 25.321, 25.321, 19.158, 37.435, 38.911, 41.914, 52.984, 12.682, 10.186, 6.454, 6.454, 6.454, 6.454, 6.454, 6.454, 6.454, 6.454, 12.682, 10.186, 6.454, 6.454, 6.454, 90.146, 56.492, 9.654, -99, -99, 15.672, -99, -99, -99, -99, 112.246, 50.91, 13.463, -99, -99, 3, 9, 1, 3, 3]
[11.305, 21.351, 56.671, 59.902, 63.3, 22.665, 22.665, 22.665, 22.665, 22.665, 8.363, 43.966, 105.487, 105.487, 105.487, 14.504, 32.314, 32.314, 32.314, 32.314, 12.576, 30.526, 32.138, 34.97, 39.486, 12.682, 10.186, 6.454, 6.454, 6.454, 6.454, 6.454, 6.454, 6.454, 6.454, 12.682, 10.186, 6.454, 6.454, 6.454, 93.06, 63.3, 11.305, -99, -99, 22.665, -99, -99, -99, -99, 105.487, 43.966, 8.363, -99, -99, 3, 9, 1, 3, 3]
[16.137, 26.001, 59.754, 59.851, 70.146, 29.662, 29.662, 29.662, 29.662, 29.662, 7.525, 37.044, 98.761, 98.761, 98.761, 21.248, 39.31, 39.31, 39.31, 39.31, 6.877, 23.669, 25.487, 26.225, 26.498, 12.682, 10.186, 6.454, 6.454, 6.454, 6.454, 6.454, 6.454, 6.454, 6.454, 12.682, 10.186, 6.454, 6.454, 6.454, 96.396, 70.146, 16.137, -99, -99, 29.662, -99, -99, -99, -99, 98.761, 37.044, 7.525, -99, -99, 3, 10, 1, 3, 3]
[19.132, 26.569, 57.961, 62.679, 72.055, 31.968, 31.968, 31.968, 31.968, 31.968, 7.074, 35.162, 97.143, 97.143, 97.143, 23.187, 41.593, 41.593, 41.593, 41.593, 3.957, 16.722, 17.419, 22.004, 24.151, 12.682, 10.186, 6.454, 6.454, 6.454, 6.454, 6.454, 6.454, 6.454, 6.454, 12.682, 10.186, 6.454, 6.454, 6.454, 95.936, 72.055, 19.132, -99, -99, 31.968, -99, -99, -99, -99, 97.143, 35.162, 7.074, -99, -99, 3, 11, 1, 3, 3]
[19.132, 26.569, 57.961, 62.679, 72.055, 31.968, 31.968, 31.968, 31.968, 31.968, 7.074, 35.162, 97.143, 97.143, 97.143, 23.187, 41.593, 41.593, 41.593, 41.593, 3.957, 10.284, 11.421, 22.004, 24.151, 12.682, 10.186, 6.454, 6.454, 6.454, 6.454, 6.454, 6.454, 6.454, 6.454, 12.682, 10.186, 6.454, 6.454, 6.454, 95.936, 72.055, 19.132, -99, -99, 31.968, -99, -99, -99, -99, 97.143, 35.162, 7.074, -99, -99, 3, 11, 1, 3, 3]
[19.132, 26.569, 57.961, 62.679, 72.055, 31.968, 31.968, 31.968, 31.968, 31.968, 7.074, 35.162, 97.143, 97.143, 97.143, 23.187, 23.378, 41.593, 41.593, 41.593, 3.957, 7.05, 7.563, 22.004, 23.968, 12.682, 10.186, 6.454, 6.454, 6.454, 6.454, 6.454, 6.454, 6.454, 6.454, 12.682, 10.186, 6.454, 6.454, 6.454, 95.936, 72.055, 19.132, -99, -99, 31.968, -99, -99, -99, -99, 97.143, 35.162, 7.074, -99, -99, 4, 12, 1, 3, 3]
[12.514, 17.591, 49.737, 52.579, 62.591, 8.69, 8.69, 8.69, 8.69, 8.69, 19.762, 57.867, 119.034, 119.034, 119.034, 4.703, 18.333, 23.378, 23.378, 23.378, 25.959, 27.289, 29.195, 44.373, 45.753, 12.682, 10.186, 6.454, 6.454, 6.454, 6.454, 6.454, 6.454, 6.454, 6.454, 12.682, 10.186, 6.454, 6.454, 6.454, 87.694, 49.737, 12.514, -99, -99, 8.69, -99, -99, -99, -99, 119.034, 57.867, 19.762, -99, -99, 4, 12, 1, 3, 3]
[19.132, 26.569, 57.961, 62.679, 72.055, 31.968, 31.968, 31.968, 31.968, 31.968, 7.074, 35.162, 97.143, 97.143, 97.143, 16.412, 23.187, 41.593, 41.593, 41.593, 7.05, 8.954, 17.239, 22.004, 24.151, 12.682, 10.186, 6.454, 6.454, 6.454, 6.454, 6.454, 6.454, 6.454, 6.454, 12.682, 10.186, 6.454, 6.454, 6.454, 95.936, 72.055, 19.132, -99, -99, 31.968, -99, -99, -99, -99, 97.143, 35.162, 7.074, -99, -99, 4, 11, 1, 3, 3]
[9.654, 18.266, 54.213, 56.492, 60.86, 15.672, 15.672, 15.672, 15.672, 15.672, 13.463, 50.91, 112.246, 112.246, 112.246, 8.2, 16.412, 25.321, 25.321, 25.321, 14.577, 22.447, 33.336, 37.435, 38.911, 12.682, 10.186, 6.454, 6.454, 6.454, 6.454, 6.454, 6.454, 6.454, 6.454, 12.682, 10.186, 6.454, 6.454, 6.454, 90.146, 56.492, 9.654, -99, -99, 15.672, -99, -99, -99, -99, 112.246, 50.91, 13.463, -99, -99, 4, 11, 1, 3, 3]
[22.113, 27.257, 56.1, 65.581, 73.876, 34.255, 34.255, 34.255, 34.255, 34.255, 7.648, 33.623, 95.777, 95.777, 95.777, 14.075, 25.189, 43.832, 43.832, 43.832, 4.05, 10.153, 13.937, 20.839, 23.196, 12.682, 10.186, 6.454, 6.454, 6.454, 6.454, 6.454, 6.454, 6.454, 6.454, 12.682, 10.186, 6.454, 6.454, 6.454, 95.361, 73.876, 22.113, -99, -99, 34.255, -99, -99, -99, -99, 95.777, 33.623, 7.648, -99, -99, 4, 11, 1, 3, 3]
[8.387, 23.577, 53.582, 63.019, 63.361, 22.285, 22.285, 22.285, 22.285, 22.285, 11.385, 44.361, 105.394, 105.394, 105.394, 14.075, 15.154, 31.878, 31.878, 31.878, 5.681, 18.04, 20.207, 30.84, 32.121, 12.682, 10.186, 6.454, 6.454, 6.454, 6.454, 6.454, 6.454, 6.454, 6.454, 12.682, 10.186, 6.454, 6.454, 6.454, 95.509, 63.361, 8.387, -99, -99, 22.285, -99, -99, -99, -99, 105.394, 44.361, 11.385, -99, -99, 4, 11, 1, 3, 3]
[27.257, 56.1, 65.581, 73.876, 95.361, 34.255, 34.255, 34.255, 34.255, 34.255, 7.648, 22.113, 33.623, 80.234, 95.777, 13.771, 25.189, 43.832, 43.832, 43.832, 3.265, 4.05, 13.937, 20.839, 22.052, 12.682, 10.186, 6.454, 6.454, 6.454, 6.454, 6.454, 6.454, 6.454, 6.454, 12.682, 10.186, 6.454, 6.454, 6.454, 95.361, 73.876, 27.257, -99, -99, 34.255, -99, -99, -99, -99, 95.777, 33.623, 22.113, -99, -99, 4, 12, 1, 3, 3]
[25.524, 52.85, 64.374, 65.075, 97.417, 23.913, 23.913, 23.913, 23.913, 23.913, 8.343, 12.216, 42.925, 74.366, 103.725, 13.771, 17.084, 33.452, 33.452, 33.452, 3.681, 14.23, 17.808, 29.4, 30.536, 12.682, 10.186, 6.454, 6.454, 6.454, 6.454, 6.454, 6.454, 6.454, 6.454, 12.682, 10.186, 6.454, 6.454, 6.454, 97.417, 65.075, 25.524, -99, -99, 23.913, -99, -99, -99, -99, 103.725, 42.925, 8.343, -99, -99, 4, 12, 1, 3, 3]
[27.257, 56.1, 65.581, 73.876, 95.361, 34.255, 34.255, 34.255, 34.255, 34.255, 7.648, 22.113, 33.623, 80.234, 95.777, 13.771, 25.189, 43.832, 43.832, 43.832, 3.265, 4.05, 13.937, 15.052, 20.839, 12.682, 10.186, 6.454, 6.454, 6.454, 6.454, 6.454, 6.454, 6.454, 6.454, 12.682, 10.186, 6.454, 6.454, 6.454, 95.361, 73.876, 27.257, -99, -99, 34.255, -99, -99, -99, -99, 95.777, 33.623, 22.113, -99, -99, 4, 13, 1, 3, 3]
[25.524, 52.85, 64.374, 65.075, 97.417, 23.913, 23.913, 23.913, 23.913, 23.913, 8.343, 12.216, 42.925, 74.366, 103.725, 13.771, 17.084, 33.452, 33.452, 33.452, 3.681, 14.23, 17.808, 26.364, 29.4, 12.682, 10.186, 6.454, 6.454, 6.454, 6.454, 6.454, 6.454, 6.454, 6.454, 12.682, 10.186, 6.454, 6.454, 6.454, 97.417, 65.075, 25.524, -99, -99, 23.913, -99, -99, -99, -99, 103.725, 42.925, 8.343, -99, -99, 4, 13, 1, 3, 3]
[22.113, 27.257, 56.1, 65.581, 73.876, 34.255, 34.255, 34.255, 34.255, 34.255, 7.648, 33.623, 80.234, 95.777, 95.777, 13.771, 25.189, 43.832, 43.832, 43.832, 3.265, 4.05, 8.053, 20.839, 23.196, 12.682, 10.186, 6.454, 6.454, 6.454, 6.454, 6.454, 6.454, 6.454, 6.454, 12.682, 10.186, 6.454, 6.454, 6.454, 95.361, 73.876, 22.113, -99, -99, 34.255, -99, -99, -99, -99, 95.777, 33.623, 7.648, -99, -99, 4, 12, 1, 3, 3]
[8.343, 25.524, 52.85, 64.374, 65.075, 23.913, 23.913, 23.913, 23.913, 23.913, 12.216, 42.925, 74.366, 103.725, 103.725, 13.771, 17.084, 33.452, 33.452, 33.452, 14.23, 17.808, 20.068, 29.4, 30.536, 12.682, 10.186, 6.454, 6.454, 6.454, 6.454, 6.454, 6.454, 6.454, 6.454, 12.682, 10.186, 6.454, 6.454, 6.454, 97.417, 65.075, 8.343, -99, -99, 23.913, -99, -99, -99, -99, 103.725, 42.925, 12.216, -99, -99, 4, 12, 1, 3, 3]
[22.113, 27.257, 56.1, 65.581, 73.876, 34.255, 34.255, 34.255, 34.255, 34.255, 7.648, 33.623, 80.234, 95.777, 95.777, 7.145, 25.189, 25.77, 43.832, 43.832, 2.234, 3.265, 4.05, 20.839, 22.052, 12.682, 10.186, 6.454, 6.454, 6.454, 6.454, 6.454, 6.454, 6.454, 6.454, 12.682, 10.186, 6.454, 6.454, 6.454, 95.361, 73.876, 22.113, -99, -99, 34.255, -99, -99, -99, -99, 95.777, 33.623, 7.648, -99, -99, 5, 13, 1, 3, 3]
[15.254, 27.085, 58.494, 61.326, 70.474, 29.747, 29.747, 29.747, 29.747, 29.747, 9.02, 36.822, 75.559, 98.322, 98.322, 7.145, 21.059, 21.65, 39.392, 39.392, 7.23, 8.948, 11.171, 23.36, 24.98, 12.682, 10.186, 6.454, 6.454, 6.454, 6.454, 6.454, 6.454, 6.454, 6.454, 12.682, 10.186, 6.454, 6.454, 6.454, 97.757, 70.474, 15.254, -99, -99, 29.747, -99, -99, -99, -99, 98.322, 36.822, 9.02, -99, -99, 5, 13, 1, 3, 3]
[12.514, 17.591, 49.737, 52.579, 62.591, 8.69, 8.69, 8.69, 8.69, 8.69, 19.762, 57.867, 84.114, 119.034, 119.034, 4.703, 18.333, 21.059, 25.77, 25.77, 27.585, 28.004, 29.195, 44.373, 45.753, 12.682, 10.186, 6.454, 6.454, 6.454, 6.454, 6.454, 6.454, 6.454, 6.454, 12.682, 10.186, 6.454, 6.454, 6.454, 87.694, 49.737, 12.514, -99, -99, 8.69, -99, -99, -99, -99, 119.034, 57.867, 19.762, -99, -99, 5, 13, 1, 3, 3]
[22.113, 27.257, 56.1, 65.581, 73.876, 34.255, 34.255, 34.255, 34.255, 34.255, 7.648, 33.623, 80.234, 95.777, 95.777, 4.654, 24.359, 25.189, 43.832, 43.832, 2.234, 3.265, 4.05, 15.052, 20.839, 12.682, 10.186, 6.454, 6.454, 6.454, 6.454, 6.454, 6.454, 6.454, 6.454, 12.682, 10.186, 6.454, 6.454, 6.454, 95.361, 73.876, 22.113, -99, -99, 34.255, -99, -99, -99, -99, 95.777, 33.623, 7.648, -99, -99, 5, 13, 1, 3, 3]
[18.236, 28.262, 60.221, 60.999, 72.872, 32.389, 32.389, 32.389, 32.389, 32.389, 9.071, 34.312, 76.261, 96.07, 96.07, 4.654, 21.881, 23.969, 42.038, 42.038, 4.23, 6.14, 8.506, 16.693, 20.955, 12.682, 10.186, 6.454, 6.454, 6.454, 6.454, 6.454, 6.454, 6.454, 6.454, 12.682, 10.186, 6.454, 6.454, 6.454, 98.056, 72.872, 18.236, -99, -99, 32.389, -99, -99, -99, -99, 96.07, 34.312, 9.071, -99, -99, 5, 13, 1, 3, 3]
[9.514, 19.801, 50.695, 52.257, 64.255, 11.03, 11.03, 11.03, 11.03, 11.03, 18.998, 55.75, 81.2, 116.628, 116.628, 7.185, 20.53, 21.881, 24.359, 24.359, 25.896, 26.587, 27.984, 38.572, 42.229, 12.682, 10.186, 6.454, 6.454, 6.454, 6.454, 6.454, 6.454, 6.454, 6.454, 12.682, 10.186, 6.454, 6.454, 6.454, 90.49, 52.257, 9.514, -99, -99, 11.03, -99, -99, -99, -99, 116.628, 55.75, 18.998, -99, -99, 5, 13, 1, 3, 3]
[27.257, 56.1, 65.581, 73.876, 95.361, 22.113, 34.255, 34.255, 34.255, 34.255, 7.648, 33.623, 80.234, 95.777, 95.777, 4.654, 24.359, 25.189, 43.832, 43.832, 2.234, 8.053, 20.839, 23.196, 23.332, 12.682, 10.186, 6.454, 6.454, 6.454, 6.454, 6.454, 6.454, 6.454, 6.454, 12.682, 10.186, 6.454, 6.454, 6.454, 95.361, 73.876, 27.257, -99, -99, 34.255, -99, -99, -99, -99, 95.777, 33.623, 7.648, -99, -99, 5, 12, 1, 3, 3]
[28.262, 60.221, 60.999, 72.872, 98.056, 18.236, 32.389, 32.389, 32.389, 32.389, 9.071, 34.312, 76.261, 96.07, 96.07, 4.654, 21.881, 23.969, 42.038, 42.038, 6.14, 10.117, 20.955, 22.843, 25.438, 12.682, 10.186, 6.454, 6.454, 6.454, 6.454, 6.454, 6.454, 6.454, 6.454, 12.682, 10.186, 6.454, 6.454, 6.454, 98.056, 72.872, 28.262, -99, -99, 32.389, -99, -99, -99, -99, 96.07, 34.312, 9.071, -99, -99, 5, 12, 1, 3, 3]
[26.698, 54.83, 63.631, 67.852, 98.234, 11.236, 26.79, 26.79, 26.79, 26.79, 11.015, 39.892, 74.084, 100.894, 100.894, 15.872, 19.449, 36.379, 36.379, 36.379, 12.959, 13.799, 26.366, 27.614, 29.825, 12.682, 10.186, 6.454, 6.454, 6.454, 6.454, 6.454, 6.454, 6.454, 6.454, 12.682, 10.186, 6.454, 6.454, 6.454, 98.234, 67.852, 26.698, -99, -99, 26.79, -99, -99, -99, -99, 100.894, 39.892, 11.015, -99, -99, 4, 13, 1, 3, 3]
[26.6, 53.974, 64.151, 67.152, 98.283, 10.236, 26.034, 26.034, 26.034, 26.034, 11.601, 40.734, 73.839, 101.616, 101.616, 15.073, 18.912, 35.598, 35.598, 35.598, 7.799, 13.945, 23.759, 27.208, 28.383, 12.682, 10.186, 6.454, 6.454, 6.454, 6.454, 6.454, 6.454, 6.454, 6.454, 12.682, 10.186, 6.454, 6.454, 6.454, 98.283, 67.152, 26.6, -99, -99, 26.034, -99, -99, -99, -99, 101.616, 40.734, 11.601, -99, -99, 4, 13, 1, 3, 3]
[19.601, 57.432, 58.688, 61.884, 91.357, 11.935, 21.494, 21.494, 21.494, 21.494, 8.04, 45.313, 80.497, 106.966, 106.966, 11.495, 13.005, 31.127, 31.127, 31.127, 8.162, 15.135, 20.746, 31.923, 33.635, 12.682, 10.186, 6.454, 6.454, 6.454, 6.454, 6.454, 6.454, 6.454, 6.454, 12.682, 10.186, 6.454, 6.454, 6.454, 91.357, 61.884, 19.601, -99, -99, 21.494, -99, -99, -99, -99, 106.966, 45.313, 8.04, -99, -99, 4, 13, 1, 3, 3]
[12.601, 53.498, 57.081, 61.591, 84.426, 16.75, 18.67, 18.67, 18.67, 18.67, 9.528, 50.372, 87.241, 112.423, 112.423, 8.982, 11.42, 11.737, 27.836, 27.836, 10.844, 18.929, 20.656, 37.29, 38.873, 12.682, 10.186, 6.454, 6.454, 6.454, 6.454, 6.454, 6.454, 6.454, 6.454, 12.682, 10.186, 6.454, 6.454, 6.454, 84.426, 57.081, 12.601, -99, -99, 18.67, -99, -99, -99, -99, 112.423, 50.372, 9.528, -99, -99, 5, 15, 1, 3, 3]
[17.591, 49.737, 52.579, 62.591, 87.694, 8.69, 12.514, 12.514, 12.514, 12.514, 19.762, 57.867, 84.114, 119.034, 119.034, 3.0, 4.703, 11.42, 18.333, 18.333, 16.536, 28.004, 29.649, 44.373, 45.753, 12.682, 10.186, 6.454, 6.454, 6.454, 6.454, 6.454, 6.454, 6.454, 6.454, 12.682, 10.186, 6.454, 6.454, 6.454, 87.694, 49.737, 17.591, -99, -99, 8.69, -99, -99, -99, -99, 119.034, 57.867, 19.762, -99, -99, 5, 15, 1, 3, 3]
[9.601, 51.444, 55.127, 63.486, 81.467, 18.113, 19.201, 19.201, 19.201, 19.201, 11.524, 52.708, 90.13, 114.844, 114.844, 5.828, 8.478, 13.0, 26.814, 26.814, 13.811, 18.044, 21.098, 34.3, 39.775, 12.682, 10.186, 6.454, 6.454, 6.454, 6.454, 6.454, 6.454, 6.454, 6.454, 12.682, 10.186, 6.454, 6.454, 6.454, 81.467, 55.127, 9.601, -99, -99, 18.113, -99, -99, -99, -99, 114.844, 52.708, 11.524, -99, -99, 5, 15, 1, 3, 3]
[10.852, 50.441, 55.591, 59.516, 82.163, 12.287, 17.282, 17.282, 17.282, 17.282, 16.293, 56.819, 89.247, 118.719, 118.719, 2.722, 5.828, 8.959, 21.15, 21.15, 16.094, 23.294, 25.591, 38.938, 43.583, 12.682, 10.186, 6.454, 6.454, 6.454, 6.454, 6.454, 6.454, 6.454, 6.454, 12.682, 10.186, 6.454, 6.454, 6.454, 82.163, 50.441, 10.852, -99, -99, 12.287, -99, -99, -99, -99, 118.719, 56.819, 16.293, -99, -99, 5, 15, 1, 3, 3]
[49.737, 52.579, 62.591, 87.694, 111.84, 8.69, 12.514, 17.591, 17.591, 17.591, 19.762, 57.867, 84.114, 119.034, 119.034, 3.0, 4.703, 7.0, 11.989, 18.333, 10.73, 16.536, 28.004, 29.57, 37.831, 12.682, 10.186, 10.186, 10.186, 10.186, 6.454, 6.454, 6.454, 6.454, 6.454, 12.682, 10.186, 6.454, 6.454, 6.454, 87.694, 49.737, -99, -99, -99, 8.69, -99, -99, -99, -99, 119.034, 57.867, 19.762, -99, -99, 6, 19, 1, 2, 3]
[53.891, 58.521, 61.465, 91.743, 120.538, 8.69, 17.591, 19.762, 19.762, 19.762, 12.514, 48.965, 79.678, 110.217, 110.217, 7.053, 8.902, 10.128, 10.265, 10.682, 3.382, 7.706, 10.534, 14.507, 19.552, 12.682, 10.186, 10.186, 10.186, 10.186, 6.454, 6.454, 6.454, 6.454, 6.454, 12.682, 10.186, 6.454, 6.454, 6.454, 91.743, 58.521, -99, -99, -99, 17.591, -99, -99, -99, -99, 110.217, 48.965, 12.514, -99, -99, 7, 24, 1, 2, 3]
[48.73, 49.492, 66.524, 90.733, 111.69, 8.454, 11.214, 21.407, 21.407, 21.407, 22.64, 59.083, 81.552, 119.668, 119.668, 3.671, 3.945, 8.535, 10.682, 10.939, 7.301, 12.369, 14.292, 20.755, 22.465, 12.682, 10.186, 10.186, 10.186, 10.186, 6.454, 6.454, 6.454, 6.454, 6.454, 12.682, 10.186, 6.454, 6.454, 6.454, 90.733, 49.492, -99, -99, -99, 8.454, -99, -99, -99, -99, 119.668, 59.083, 22.64, -99, -99, 7, 24, 1, 2, 3]
[19.762, 53.891, 58.521, 61.465, 91.743, 8.69, 17.591, 17.591, 17.591, 17.591, 12.514, 48.965, 79.678, 110.217, 110.217, 7.053, 7.754, 8.902, 10.265, 27.231, 3.382, 7.706, 10.534, 11.671, 18.017, 12.682, 10.186, 6.454, 6.454, 6.454, 6.454, 6.454, 6.454, 6.454, 6.454, 12.682, 10.186, 6.454, 6.454, 6.454, 91.743, 58.521, 19.762, -99, -99, 17.591, -99, -99, -99, -99, 110.217, 48.965, 12.514, -99, -99, 6, 24, 1, 3, 3]
[20.951, 49.483, 52.231, 65.474, 91.443, 8.962, 11.023, 11.023, 11.023, 11.023, 19.944, 56.102, 80.354, 116.785, 116.785, 1.223, 3.764, 7.754, 8.235, 20.355, 4.379, 10.638, 12.95, 13.517, 16.512, 12.682, 10.186, 6.454, 6.454, 6.454, 6.454, 6.454, 6.454, 6.454, 6.454, 12.682, 10.186, 6.454, 6.454, 6.454, 91.443, 52.231, 20.951, -99, -99, 11.023, -99, -99, -99, -99, 116.785, 56.102, 19.944, -99, -99, 6, 24, 1, 3, 3]
[19.762, 53.891, 58.521, 61.465, 91.743, 8.69, 17.591, 17.591, 17.591, 17.591, 12.514, 48.965, 79.678, 110.217, 110.217, 7.053, 7.754, 8.902, 27.231, 27.231, 3.382, 5.966, 8.189, 9.864, 10.847, 12.682, 10.186, 6.454, 6.454, 6.454, 6.454, 6.454, 6.454, 6.454, 6.454, 12.682, 10.186, 6.454, 6.454, 6.454, 91.743, 58.521, 19.762, -99, -99, 17.591, -99, -99, -99, -99, 110.217, 48.965, 12.514, -99, -99, 5, 26, 1, 3, 3]
[19.762, 53.891, 58.521, 61.465, 91.743, 8.69, 17.591, 17.591, 17.591, 17.591, 12.514, 48.965, 79.678, 110.217, 110.217, 7.053, 7.754, 27.231, 27.231, 27.231, 3.382, 3.966, 10.64, 12.257, 12.59, 12.682, 10.186, 6.454, 6.454, 6.454, 6.454, 6.454, 6.454, 6.454, 6.454, 12.682, 10.186, 6.454, 6.454, 6.454, 91.743, 58.521, 19.762, -99, -99, 17.591, -99, -99, -99, -99, 110.217, 48.965, 12.514, -99, -99, 4, 25, 1, 3, 3]
[11.214, 21.407, 48.73, 49.492, 66.524, 8.454, 8.454, 8.454, 8.454, 8.454, 22.64, 59.083, 81.552, 119.668, 119.668, 17.515, 17.515, 17.515, 17.515, 17.515, 3.834, 3.985, 4.34, 5.996, 9.078, 12.682, 10.186, 6.454, 6.454, 6.454, 6.454, 6.454, 6.454, 6.454, 6.454, 12.682, 10.186, 6.454, 6.454, 6.454, 90.733, 49.492, 11.214, -99, -99, 8.454, -99, -99, -99, -99, 119.668, 59.083, 22.64, -99, -99, 2, 25, 1, 3, 3]
